[(0.419766, 0.777997), (0.42242, 0.813344), (0.406029, 0.77643), (0.393407, 0.783666), (0.385183, 0.791323), (0.374978, 0.804694), (0.409894, 0.814175), (0.388262, 0.809689), (0.380779, 0.80765), (0.398346, 0.812421), (0.378966, 0.798129), (0.432377, 0.77119), (0.444641, 0.773365), (0.452732, 0.777534), (0.462669, 0.787281), (0.434233, 0.809893), (0.452802, 0.798101), (0.45846, 0.792717), (0.444595, 0.804532), (0.458672, 0.78199)]
[(0.435978, 0.784424), (0.440951, 0.82423), (0.422346, 0.784511), (0.41064, 0.792963), (0.403127, 0.800845), (0.39401, 0.814013), (0.428401, 0.826628), (0.406608, 0.821995), (0.399409, 0.818356), (0.416766, 0.825542), (0.397534, 0.807598), (0.448437, 0.775999), (0.460946, 0.776964), (0.469289, 0.779958), (0.479566, 0.788342), (0.453041, 0.81886), (0.471122, 0.80225), (0.476083, 0.795083), (0.463388, 0.81103), (0.475387, 0.783564)]
[(0.444194, 0.762257), (0.45173, 0.816601), (0.430321, 0.76437), (0.417764, 0.778323), (0.409478, 0.790618), (0.399188, 0.809618), (0.438243, 0.820051), (0.413581, 0.816618), (0.405293, 0.81349), (0.425276, 0.819788), (0.403115, 0.800862), (0.456322, 0.755453), (0.468994, 0.759622), (0.477107, 0.766611), (0.485062, 0.781137), (0.463872, 0.810586), (0.479597, 0.793491), (0.483086, 0.787104), (0.473272, 0.802215), (0.482336, 0.773592)]
[(0.460645, 0.72643), (0.472295, 0.794302), (0.449654, 0.729389), (0.440959, 0.746958), (0.43616, 0.761371), (0.431367, 0.78189), (0.461125, 0.797263), (0.441601, 0.789361), (0.435611, 0.785549), (0.4506, 0.794873), (0.433055, 0.772289), (0.470014, 0.719968), (0.481106, 0.725914), (0.488912, 0.73401), (0.49726, 0.748498), (0.481894, 0.787697), (0.494065, 0.764525), (0.496449, 0.755623), (0.489213, 0.777087), (0.494279, 0.741008)]
[(0.442791, 0.720755), (0.450697, 0.77938), (0.431691, 0.721763), (0.422742, 0.733571), (0.417422, 0.743857), (0.411686, 0.760528), (0.440058, 0.7814), (0.421768, 0.77179), (0.416011, 0.766215), (0.430191, 0.778252), (0.413746, 0.752287), (0.452802, 0.714066), (0.463884, 0.718247), (0.471633, 0.72376), (0.480929, 0.735399), (0.460714, 0.773282), (0.474748, 0.751429), (0.47862, 0.74286), (0.468779, 0.763159), (0.477319, 0.72906)]
[(0.439412, 0.703456), (0.45199, 0.777912), (0.427661, 0.704915), (0.419057, 0.716113), (0.414716, 0.726385), (0.41167, 0.743635), (0.440271, 0.778813), (0.421349, 0.76268), (0.415868, 0.752808), (0.429825, 0.773216), (0.412281, 0.735004), (0.450459, 0.696544), (0.462876, 0.700661), (0.47156, 0.706344), (0.482451, 0.719145), (0.463244, 0.771057), (0.477779, 0.743136), (0.480843, 0.730283), (0.471999, 0.758709), (0.47803, 0.712101)]
[(0.427557, 0.706634), (0.433682, 0.7776), (0.41578, 0.70718), (0.405453, 0.718194), (0.399064, 0.72808), (0.392507, 0.745493), (0.422164, 0.778679), (0.40275, 0.764927), (0.396745, 0.755116), (0.41168, 0.774303), (0.394639, 0.736577), (0.438214, 0.701536), (0.449558, 0.707992), (0.457316, 0.714386), (0.466902, 0.726569), (0.44468, 0.771897), (0.460106, 0.747887), (0.464156, 0.736668), (0.453564, 0.761315), (0.462946, 0.720197)]
[(0.43663, 0.700701), (0.444834, 0.773151), (0.423705, 0.701538), (0.412823, 0.710846), (0.406492, 0.719803), (0.400676, 0.736767), (0.43151, 0.773019), (0.41086, 0.756187), (0.404879, 0.746201), (0.420044, 0.766805), (0.402455, 0.72769), (0.449219, 0.695938), (0.462901, 0.70011), (0.472402, 0.704811), (0.484192, 0.716285), (0.458169, 0.767319), (0.476815, 0.740391), (0.481538, 0.727547), (0.46893, 0.755598), (0.479515, 0.709609)]
[(0.42212, 0.712693), (0.423905, 0.780193), (0.40837, 0.711786), (0.39528, 0.720368), (0.387282, 0.729779), (0.379098, 0.749602), (0.410695, 0.780651), (0.389638, 0.766735), (0.3834, 0.758204), (0.399075, 0.77577), (0.381773, 0.738926), (0.43532, 0.708192), (0.448702, 0.713457), (0.457495, 0.719643), (0.467918, 0.734813), (0.437137, 0.774961), (0.457291, 0.752994), (0.463516, 0.743679), (0.448367, 0.765066), (0.463886, 0.726308)]
[(0.41804, 0.723946), (0.418579, 0.787523), (0.404441, 0.721709), (0.391509, 0.728905), (0.383489, 0.737057), (0.375436, 0.755223), (0.40567, 0.786803), (0.385643, 0.772091), (0.379694, 0.76374), (0.394617, 0.781265), (0.378167, 0.745413), (0.431011, 0.718889), (0.443767, 0.723003), (0.451834, 0.728447), (0.460619, 0.743907), (0.431168, 0.782928), (0.450402, 0.76275), (0.456395, 0.753414), (0.441825, 0.774136), (0.457479, 0.735095)]
[(0.42342, 0.724118), (0.428677, 0.798787), (0.410965, 0.724567), (0.400282, 0.734868), (0.394223, 0.746171), (0.389125, 0.769032), (0.4168, 0.799096), (0.398699, 0.786237), (0.393232, 0.778032), (0.406781, 0.794487), (0.39051, 0.757114), (0.435963, 0.719553), (0.449817, 0.725113), (0.459301, 0.732369), (0.469971, 0.750264), (0.441407, 0.793183), (0.460492, 0.771062), (0.466321, 0.760796), (0.452022, 0.783133), (0.466147, 0.740376)]
[(0.422613, 0.747033), (0.426882, 0.804296), (0.410579, 0.746002), (0.400438, 0.754226), (0.394283, 0.763357), (0.387631, 0.780804), (0.415881, 0.805236), (0.397849, 0.794448), (0.39205, 0.78801), (0.406112, 0.801572), (0.390003, 0.771809), (0.4342, 0.739548), (0.446332, 0.741863), (0.454732, 0.746677), (0.464789, 0.76003), (0.438258, 0.798589), (0.455572, 0.77752), (0.461022, 0.768681), (0.447899, 0.788805), (0.46087, 0.752475)]
[(0.428024, 0.745007), (0.4351, 0.812601), (0.415731, 0.745643), (0.405752, 0.758014), (0.400101, 0.770445), (0.394729, 0.792007), (0.423656, 0.814399), (0.404801, 0.804307), (0.399042, 0.798267), (0.413412, 0.8112), (0.396341, 0.781382), (0.439984, 0.737015), (0.453774, 0.741311), (0.463355, 0.748131), (0.474765, 0.76432), (0.447141, 0.806405), (0.465703, 0.78328), (0.471229, 0.773241), (0.457513, 0.795958), (0.470472, 0.755429)]
[(0.430454, 0.745688), (0.438132, 0.809635), (0.418099, 0.746469), (0.40862, 0.757573), (0.403535, 0.768777), (0.399381, 0.789063), (0.426596, 0.811149), (0.408476, 0.800968), (0.40327, 0.795001), (0.416597, 0.80771), (0.400354, 0.778872), (0.443186, 0.737024), (0.458182, 0.740279), (0.468756, 0.74606), (0.481936, 0.761548), (0.450991, 0.803717), (0.471767, 0.780884), (0.478013, 0.770554), (0.462456, 0.79356), (0.476922, 0.752627)]
[(0.43018, 0.749349), (0.437365, 0.815226), (0.418224, 0.751), (0.408861, 0.76398), (0.403868, 0.776375), (0.399823, 0.797165), (0.425995, 0.817177), (0.40821, 0.808244), (0.403275, 0.802689), (0.416155, 0.814402), (0.400696, 0.78692), (0.442637, 0.741599), (0.457721, 0.746417), (0.468414, 0.753363), (0.481516, 0.76985), (0.450102, 0.809179), (0.471159, 0.78741), (0.477577, 0.777977), (0.461608, 0.799321), (0.476657, 0.760655)]
[(0.426724, 0.742088), (0.435314, 0.813058), (0.414239, 0.74419), (0.404792, 0.756508), (0.400052, 0.768956), (0.397127, 0.791152), (0.423315, 0.814669), (0.405577, 0.80353), (0.400703, 0.797361), (0.413334, 0.810712), (0.397393, 0.779825), (0.440074, 0.73402), (0.456294, 0.737706), (0.468069, 0.743597), (0.482872, 0.759538), (0.449084, 0.806125), (0.471557, 0.780679), (0.478576, 0.769457), (0.461371, 0.794533), (0.477226, 0.750133)]
[(0.435657, 0.732356), (0.44694, 0.812874), (0.423754, 0.734623), (0.415214, 0.749217), (0.411346, 0.763003), (0.409529, 0.786303), (0.435079, 0.81414), (0.417413, 0.799687), (0.412762, 0.792584), (0.425102, 0.808759), (0.409478, 0.774543), (0.447961, 0.72451), (0.463204, 0.729332), (0.474137, 0.736156), (0.487584, 0.751958), (0.459795, 0.805385), (0.479349, 0.775815), (0.484699, 0.762787), (0.470789, 0.792147), (0.482491, 0.742872)]
[(0.43063, 0.728432), (0.444497, 0.796921), (0.420412, 0.73118), (0.413918, 0.742366), (0.411661, 0.75296), (0.412165, 0.770604), (0.434094, 0.797587), (0.419165, 0.783937), (0.415116, 0.776762), (0.425686, 0.792524), (0.411178, 0.761414), (0.44196, 0.721305), (0.456839, 0.722889), (0.468482, 0.725832), (0.483924, 0.735573), (0.456554, 0.789818), (0.475574, 0.760443), (0.481023, 0.746912), (0.467089, 0.776831), (0.477856, 0.729293)]
[(0.42952, 0.730954), (0.443983, 0.793001), (0.419437, 0.734165), (0.413168, 0.743316), (0.41122, 0.752415), (0.412594, 0.767881), (0.433495, 0.793131), (0.419201, 0.780252), (0.415388, 0.773551), (0.425352, 0.78818), (0.411176, 0.759505), (0.441183, 0.724452), (0.456644, 0.724699), (0.469225, 0.725901), (0.486488, 0.733659), (0.456519, 0.786437), (0.477141, 0.758466), (0.483233, 0.744979), (0.467805, 0.774199), (0.479623, 0.728145)]
[(0.424943, 0.732672), (0.4349, 0.797838), (0.412763, 0.735081), (0.403976, 0.744699), (0.399798, 0.754507), (0.397468, 0.772527), (0.423182, 0.799422), (0.406055, 0.787787), (0.401075, 0.780099), (0.41359, 0.795518), (0.397629, 0.762985), (0.437881, 0.724543), (0.453501, 0.725087), (0.465495, 0.727358), (0.481652, 0.737963), (0.448682, 0.790199), (0.470742, 0.762498), (0.477568, 0.749587), (0.46072, 0.777665), (0.475171, 0.731238)]
[(0.423955, 0.738596), (0.430689, 0.80853), (0.411184, 0.739502), (0.401098, 0.750449), (0.395736, 0.762079), (0.391743, 0.783049), (0.418466, 0.80984), (0.400406, 0.797906), (0.395323, 0.790553), (0.408328, 0.805782), (0.392568, 0.772281), (0.43737, 0.73067), (0.453002, 0.734543), (0.46444, 0.740306), (0.479109, 0.756382), (0.444563, 0.80183), (0.46725, 0.777319), (0.474511, 0.766365), (0.456919, 0.790655), (0.473414, 0.747179)]
[(0.420341, 0.744803), (0.42866, 0.812686), (0.406748, 0.74531), (0.396523, 0.756917), (0.391249, 0.76901), (0.387036, 0.789812), (0.416007, 0.814008), (0.396723, 0.802822), (0.391144, 0.796459), (0.405286, 0.810153), (0.387956, 0.779426), (0.434806, 0.735787), (0.452361, 0.740075), (0.465029, 0.746355), (0.481066, 0.762885), (0.443432, 0.806401), (0.468125, 0.782739), (0.476024, 0.772292), (0.456896, 0.79569), (0.47494, 0.753417)]
[(0.420449, 0.752929), (0.425184, 0.808419), (0.406001, 0.752797), (0.393637, 0.764239), (0.386467, 0.776393), (0.379322, 0.797447), (0.412355, 0.810621), (0.391136, 0.805275), (0.3844, 0.801709), (0.400836, 0.809245), (0.381541, 0.787106), (0.434514, 0.743731), (0.449881, 0.747059), (0.460367, 0.754072), (0.472832, 0.772041), (0.438727, 0.80285), (0.460778, 0.785456), (0.467889, 0.778702), (0.45083, 0.794549), (0.468248, 0.762256)]
[(0.422231, 0.751191), (0.426778, 0.809604), (0.40754, 0.750514), (0.394535, 0.761348), (0.386593, 0.772585), (0.378137, 0.792596), (0.413352, 0.811061), (0.390957, 0.803843), (0.383673, 0.798773), (0.401254, 0.809), (0.381053, 0.782547), (0.43648, 0.743159), (0.451867, 0.747557), (0.462263, 0.75476), (0.474147, 0.773009), (0.440523, 0.804708), (0.462486, 0.788004), (0.469409, 0.780638), (0.452682, 0.796998), (0.469768, 0.763092)]
[(0.426852, 0.750451), (0.430037, 0.808303), (0.412355, 0.749929), (0.398978, 0.762403), (0.390445, 0.774821), (0.380707, 0.795781), (0.416926, 0.810125), (0.394099, 0.805326), (0.386496, 0.801319), (0.404747, 0.809185), (0.384244, 0.785644), (0.440681, 0.743164), (0.455205, 0.74905), (0.464683, 0.757786), (0.474537, 0.777847), (0.443145, 0.803914), (0.463808, 0.790078), (0.470139, 0.78426), (0.454643, 0.797445), (0.471174, 0.767392)]
[(0.420069, 0.750369), (0.42309, 0.806662), (0.404733, 0.748797), (0.390228, 0.761333), (0.381345, 0.774955), (0.372189, 0.798495), (0.409536, 0.807732), (0.386153, 0.804261), (0.378255, 0.802087), (0.397025, 0.806757), (0.375192, 0.7872), (0.434725, 0.744039), (0.450021, 0.751914), (0.459783, 0.762515), (0.470243, 0.784349), (0.436561, 0.803981), (0.458404, 0.794016), (0.465249, 0.789534), (0.448658, 0.799569), (0.466691, 0.773322)]
[(0.418588, 0.767952), (0.420473, 0.811158), (0.403271, 0.766395), (0.387985, 0.777166), (0.377785, 0.788189), (0.365445, 0.806865), (0.406353, 0.81274), (0.380948, 0.811001), (0.372149, 0.809548), (0.392943, 0.812529), (0.370071, 0.797938), (0.432201, 0.761478), (0.445034, 0.766432), (0.452977, 0.774031), (0.461534, 0.79014), (0.432944, 0.80826), (0.451955, 0.798955), (0.457491, 0.794741), (0.443722, 0.804063), (0.458587, 0.781876)]
[(0.401299, 0.780163), (0.40515, 0.829851), (0.387167, 0.778621), (0.374295, 0.788131), (0.365974, 0.797673), (0.356081, 0.814083), (0.391371, 0.830589), (0.368512, 0.823196), (0.361366, 0.818883), (0.378942, 0.827985), (0.359774, 0.806139), (0.414737, 0.773558), (0.428101, 0.778001), (0.436887, 0.784372), (0.447613, 0.798007), (0.418233, 0.826448), (0.438151, 0.811969), (0.44374, 0.804771), (0.429536, 0.820179), (0.443428, 0.790826)]
[(0.401775, 0.776839), (0.404969, 0.825719), (0.387891, 0.775156), (0.375258, 0.784901), (0.367145, 0.795105), (0.357651, 0.812829), (0.391711, 0.826804), (0.369515, 0.821135), (0.362599, 0.817327), (0.379701, 0.825065), (0.361177, 0.804247), (0.414955, 0.770444), (0.427909, 0.775277), (0.436318, 0.782072), (0.446164, 0.79613), (0.417658, 0.82249), (0.436936, 0.809181), (0.442353, 0.802513), (0.428579, 0.816723), (0.442348, 0.788839)]
[(0.404262, 0.766733), (0.40756, 0.816695), (0.390872, 0.764695), (0.378878, 0.775305), (0.371429, 0.787121), (0.363349, 0.807527), (0.395203, 0.817396), (0.374599, 0.813487), (0.3681, 0.811076), (0.384036, 0.816255), (0.366202, 0.797641), (0.417371, 0.760626), (0.430894, 0.767578), (0.439756, 0.776586), (0.44998, 0.794262), (0.419947, 0.814416), (0.439778, 0.804772), (0.44574, 0.799659), (0.430979, 0.810339), (0.446086, 0.78532)]
[(0.402758, 0.766759), (0.406211, 0.819214), (0.389588, 0.764032), (0.377687, 0.774259), (0.370215, 0.786072), (0.362069, 0.806789), (0.393929, 0.819374), (0.373353, 0.813742), (0.366813, 0.810732), (0.382821, 0.817356), (0.364968, 0.796691), (0.415518, 0.760622), (0.428473, 0.767698), (0.436894, 0.776735), (0.446334, 0.794335), (0.418215, 0.81702), (0.437027, 0.806131), (0.44248, 0.800193), (0.428773, 0.812538), (0.442746, 0.785467)]
[(0.402461, 0.764813), (0.405873, 0.817941), (0.389632, 0.762567), (0.378294, 0.773074), (0.371276, 0.784921), (0.363751, 0.805161), (0.393893, 0.81837), (0.374075, 0.812654), (0.368001, 0.809227), (0.383124, 0.81648), (0.3664, 0.795311), (0.415001, 0.758553), (0.427929, 0.765549), (0.436467, 0.774408), (0.44629, 0.791905), (0.417811, 0.815488), (0.43694, 0.804043), (0.442477, 0.797831), (0.428484, 0.810779), (0.442498, 0.783045)]
[(0.408575, 0.747003), (0.410201, 0.7954), (0.395541, 0.74501), (0.383404, 0.754308), (0.375863, 0.764748), (0.368192, 0.783375), (0.39822, 0.795687), (0.378593, 0.79138), (0.372491, 0.787827), (0.387561, 0.794452), (0.370754, 0.774354), (0.42112, 0.742229), (0.433694, 0.748948), (0.441727, 0.757346), (0.45052, 0.775205), (0.421882, 0.793619), (0.440763, 0.785501), (0.446437, 0.780613), (0.4323, 0.79038), (0.447313, 0.766221)]
[(0.41457, 0.75042), (0.416715, 0.798198), (0.402245, 0.748652), (0.390858, 0.757772), (0.383526, 0.767522), (0.375321, 0.784494), (0.405434, 0.798764), (0.386307, 0.793405), (0.380002, 0.789487), (0.395198, 0.797139), (0.378305, 0.776059), (0.426132, 0.744804), (0.437669, 0.750059), (0.445235, 0.757308), (0.453621, 0.773315), (0.427564, 0.795265), (0.444546, 0.784357), (0.449746, 0.779123), (0.437037, 0.790342), (0.450467, 0.765013)]
[(0.418187, 0.747869), (0.421722, 0.80178), (0.405271, 0.746576), (0.393552, 0.755907), (0.386238, 0.766164), (0.3782, 0.784631), (0.409935, 0.802978), (0.389908, 0.795604), (0.383189, 0.790629), (0.39924, 0.800673), (0.381031, 0.775314), (0.430029, 0.740575), (0.442171, 0.74415), (0.450238, 0.750501), (0.459225, 0.766327), (0.433074, 0.797203), (0.450234, 0.780989), (0.455459, 0.773695), (0.442749, 0.789754), (0.455857, 0.757825)]
[(0.422065, 0.739931), (0.426197, 0.796929), (0.408539, 0.739074), (0.39617, 0.749016), (0.388324, 0.759582), (0.379798, 0.77868), (0.41389, 0.798528), (0.392693, 0.790802), (0.385379, 0.785387), (0.402647, 0.796222), (0.38279, 0.769079), (0.434183, 0.732342), (0.446579, 0.735733), (0.454836, 0.741986), (0.463791, 0.75848), (0.437866, 0.79161), (0.454895, 0.773799), (0.46009, 0.766316), (0.447523, 0.783305), (0.460491, 0.749518)]
[(0.428306, 0.734643), (0.437983, 0.801044), (0.41602, 0.736011), (0.407022, 0.745803), (0.402589, 0.756067), (0.399816, 0.775258), (0.426169, 0.802183), (0.408535, 0.790004), (0.403459, 0.782551), (0.416332, 0.797912), (0.400251, 0.764954), (0.440974, 0.72682), (0.455688, 0.728209), (0.466763, 0.731528), (0.481261, 0.744121), (0.451059, 0.793801), (0.471626, 0.767024), (0.477733, 0.754918), (0.462416, 0.78172), (0.475496, 0.736282)]
[(0.421311, 0.730967), (0.427499, 0.79292), (0.407376, 0.730766), (0.395296, 0.740952), (0.388266, 0.751651), (0.381891, 0.772426), (0.414694, 0.794936), (0.393577, 0.785173), (0.386816, 0.778936), (0.403289, 0.791822), (0.383702, 0.761588), (0.433793, 0.721884), (0.447102, 0.723678), (0.456145, 0.728475), (0.466904, 0.744184), (0.439927, 0.785842), (0.458089, 0.762593), (0.463465, 0.753088), (0.450167, 0.775021), (0.462842, 0.735077)]
[(0.412057, 0.746433), (0.418872, 0.8016), (0.398085, 0.7469), (0.386394, 0.75736), (0.379586, 0.768169), (0.372856, 0.78796), (0.406115, 0.804186), (0.384751, 0.797097), (0.3779, 0.792711), (0.39458, 0.802079), (0.374982, 0.777964), (0.42468, 0.736378), (0.438159, 0.737125), (0.447279, 0.74152), (0.458285, 0.755408), (0.431271, 0.794485), (0.449345, 0.772176), (0.454624, 0.763231), (0.441555, 0.78386), (0.453941, 0.747469)]
[(0.414281, 0.744667), (0.420841, 0.800982), (0.398636, 0.745403), (0.385182, 0.757132), (0.377137, 0.768535), (0.368502, 0.78823), (0.406752, 0.803747), (0.382579, 0.797392), (0.374537, 0.793111), (0.393783, 0.801935), (0.371443, 0.778593), (0.428453, 0.73473), (0.44327, 0.735903), (0.452996, 0.740718), (0.464108, 0.754322), (0.434437, 0.793989), (0.454158, 0.771683), (0.459902, 0.762515), (0.445703, 0.78338), (0.4599, 0.74678)]
[(0.415266, 0.751966), (0.420948, 0.806406), (0.399151, 0.751986), (0.385224, 0.763604), (0.376974, 0.775229), (0.368454, 0.795239), (0.406716, 0.808604), (0.382486, 0.803162), (0.374537, 0.799593), (0.393707, 0.807013), (0.371331, 0.785512), (0.430317, 0.742805), (0.446117, 0.745455), (0.456335, 0.751444), (0.467868, 0.766558), (0.435114, 0.80054), (0.456473, 0.781595), (0.46297, 0.77385), (0.447152, 0.791511), (0.463553, 0.758417)]
[(0.425174, 0.753485), (0.429393, 0.809335), (0.409087, 0.753026), (0.393633, 0.765664), (0.383901, 0.778461), (0.373365, 0.800195), (0.414719, 0.811075), (0.388728, 0.807062), (0.379919, 0.804155), (0.400928, 0.810067), (0.376974, 0.789759), (0.43956, 0.746409), (0.454087, 0.752077), (0.463, 0.760896), (0.471922, 0.779872), (0.44302, 0.805226), (0.462835, 0.791604), (0.468162, 0.785767), (0.454433, 0.798922), (0.468929, 0.770159)]
[(0.427974, 0.751726), (0.431449, 0.806164), (0.411985, 0.751187), (0.396215, 0.76448), (0.386271, 0.778084), (0.37569, 0.801261), (0.417013, 0.807899), (0.391281, 0.806072), (0.382383, 0.804371), (0.403392, 0.807648), (0.379213, 0.79024), (0.442223, 0.745363), (0.456559, 0.752109), (0.465339, 0.761926), (0.474017, 0.782315), (0.444567, 0.803102), (0.464482, 0.792617), (0.470063, 0.787692), (0.455904, 0.798436), (0.471259, 0.772025)]
[(0.427475, 0.756239), (0.429791, 0.809755), (0.412701, 0.754019), (0.398173, 0.765139), (0.388741, 0.7773), (0.37837, 0.798241), (0.416446, 0.810175), (0.392651, 0.804835), (0.384476, 0.802071), (0.403849, 0.808283), (0.382033, 0.787991), (0.44064, 0.750313), (0.45348, 0.757181), (0.461488, 0.766749), (0.46963, 0.786133), (0.441954, 0.807318), (0.460609, 0.796719), (0.465848, 0.791614), (0.45254, 0.802815), (0.466878, 0.776231)]
[(0.422671, 0.756211), (0.425301, 0.806923), (0.40878, 0.753367), (0.396082, 0.762488), (0.387908, 0.773008), (0.378629, 0.791511), (0.412779, 0.807179), (0.391192, 0.800595), (0.384, 0.796574), (0.401278, 0.805019), (0.382056, 0.782296), (0.435676, 0.749542), (0.448554, 0.754845), (0.456917, 0.762958), (0.46594, 0.780648), (0.437447, 0.804269), (0.456366, 0.792734), (0.461934, 0.786921), (0.448107, 0.799294), (0.462607, 0.771423)]
[(0.420745, 0.755757), (0.424039, 0.806945), (0.407265, 0.752942), (0.395632, 0.762418), (0.388325, 0.773141), (0.380052, 0.791689), (0.411919, 0.807405), (0.391541, 0.800455), (0.384952, 0.796519), (0.400951, 0.805117), (0.383142, 0.7825), (0.433667, 0.748262), (0.446824, 0.75346), (0.455622, 0.761184), (0.465726, 0.778074), (0.436329, 0.803605), (0.455648, 0.790208), (0.461484, 0.784185), (0.447161, 0.797597), (0.461776, 0.769245)]
[(0.421741, 0.754018), (0.425167, 0.803199), (0.408182, 0.752142), (0.396284, 0.762289), (0.389034, 0.773624), (0.381307, 0.793163), (0.413183, 0.80397), (0.392977, 0.799449), (0.38635, 0.796891), (0.402285, 0.802586), (0.38401, 0.783595), (0.434705, 0.747175), (0.447919, 0.752781), (0.456534, 0.761293), (0.466085, 0.779947), (0.437187, 0.800337), (0.456159, 0.789721), (0.461872, 0.785125), (0.447848, 0.795485), (0.462514, 0.770324)]
[(0.424749, 0.759202), (0.427211, 0.804297), (0.410836, 0.758435), (0.397573, 0.769542), (0.389031, 0.781123), (0.379344, 0.801051), (0.41466, 0.806145), (0.392605, 0.805205), (0.385066, 0.803844), (0.402916, 0.806399), (0.38281, 0.791389), (0.437556, 0.752661), (0.450254, 0.757689), (0.458413, 0.76579), (0.467129, 0.783728), (0.439063, 0.800907), (0.4575, 0.791727), (0.463035, 0.788098), (0.449407, 0.796447), (0.464081, 0.774442)]
[(0.431251, 0.751677), (0.433319, 0.802938), (0.417326, 0.75169), (0.404414, 0.763538), (0.396292, 0.775272), (0.386847, 0.79484), (0.420956, 0.805029), (0.399374, 0.80167), (0.392242, 0.798751), (0.409415, 0.804569), (0.39029, 0.785436), (0.444427, 0.74553), (0.457831, 0.75065), (0.466367, 0.758994), (0.474932, 0.776788), (0.445752, 0.798809), (0.465082, 0.786524), (0.470901, 0.78195), (0.456534, 0.792777), (0.472163, 0.767659)]
[(0.447335, 0.742123), (0.447952, 0.794353), (0.434326, 0.743234), (0.421725, 0.756778), (0.413576, 0.768338), (0.403562, 0.78637), (0.435912, 0.796888), (0.415142, 0.792902), (0.408522, 0.789879), (0.424695, 0.796168), (0.407349, 0.777742), (0.459134, 0.736438), (0.470787, 0.741984), (0.477969, 0.750126), (0.484517, 0.767581), (0.45939, 0.789429), (0.476293, 0.776216), (0.481243, 0.772112), (0.468906, 0.78261), (0.482741, 0.758669)]
[(0.447931, 0.734), (0.449587, 0.791818), (0.435271, 0.735461), (0.42368, 0.749069), (0.416429, 0.7603), (0.407799, 0.777519), (0.43755, 0.794015), (0.417804, 0.786465), (0.412002, 0.781905), (0.426713, 0.791825), (0.411064, 0.769189), (0.459916, 0.727389), (0.472189, 0.732042), (0.480113, 0.739304), (0.488328, 0.756162), (0.461432, 0.786197), (0.479587, 0.768446), (0.484909, 0.762119), (0.471521, 0.777612), (0.485751, 0.747218)]
[(0.441812, 0.735031), (0.449012, 0.80268), (0.4298, 0.736381), (0.420679, 0.749264), (0.415973, 0.760844), (0.41197, 0.779315), (0.437238, 0.804048), (0.419667, 0.791839), (0.415071, 0.785288), (0.427303, 0.799716), (0.413153, 0.770115), (0.454062, 0.72674), (0.468043, 0.730671), (0.477927, 0.736447), (0.490279, 0.751101), (0.461599, 0.796041), (0.481357, 0.771003), (0.486906, 0.760337), (0.472623, 0.784778), (0.485559, 0.742778)]
[(0.431911, 0.73133), (0.437768, 0.794504), (0.419203, 0.732362), (0.408782, 0.742739), (0.402437, 0.751839), (0.39515, 0.767163), (0.425836, 0.796284), (0.406215, 0.783428), (0.399912, 0.775271), (0.41517, 0.791946), (0.397798, 0.759228), (0.443772, 0.723456), (0.456516, 0.725457), (0.465656, 0.729252), (0.477309, 0.740538), (0.450086, 0.787074), (0.468343, 0.761343), (0.473829, 0.750617), (0.460311, 0.775034), (0.472695, 0.734003)]
[(0.430796, 0.733324), (0.442154, 0.797559), (0.419516, 0.73558), (0.412159, 0.745768), (0.409066, 0.755348), (0.407904, 0.771655), (0.430983, 0.798468), (0.415087, 0.785475), (0.410865, 0.778242), (0.42198, 0.793722), (0.407717, 0.762878), (0.442953, 0.725523), (0.457712, 0.726775), (0.46929, 0.729083), (0.485194, 0.738811), (0.455017, 0.790239), (0.475713, 0.762191), (0.481799, 0.749642), (0.466386, 0.777682), (0.478713, 0.73241)]
[(0.426511, 0.740331), (0.433063, 0.796594), (0.413812, 0.740533), (0.403338, 0.749516), (0.39699, 0.758097), (0.390271, 0.773554), (0.421278, 0.798087), (0.401612, 0.787074), (0.395151, 0.780514), (0.410717, 0.794312), (0.392599, 0.765466), (0.438177, 0.732015), (0.450589, 0.733173), (0.459566, 0.736098), (0.470952, 0.746417), (0.444797, 0.789762), (0.462124, 0.765589), (0.467422, 0.755737), (0.45454, 0.778508), (0.466351, 0.740236)]
[(0.42778, 0.72618), (0.431923, 0.784), (0.413807, 0.72589), (0.400821, 0.734559), (0.392269, 0.743464), (0.3828, 0.76113), (0.419358, 0.78566), (0.396997, 0.775794), (0.388974, 0.768872), (0.407608, 0.782556), (0.386071, 0.752118), (0.439899, 0.718606), (0.452002, 0.720307), (0.460132, 0.724669), (0.469695, 0.738671), (0.443618, 0.777687), (0.460628, 0.756389), (0.465986, 0.74767), (0.453156, 0.767739), (0.466049, 0.730827)]
[(0.428177, 0.731873), (0.432804, 0.797729), (0.414352, 0.732548), (0.402096, 0.744018), (0.394567, 0.755866), (0.386929, 0.777509), (0.42003, 0.799933), (0.399026, 0.79207), (0.392124, 0.785352), (0.408702, 0.797956), (0.389321, 0.766618), (0.441515, 0.724534), (0.456295, 0.728782), (0.466863, 0.735406), (0.479762, 0.752785), (0.446271, 0.791623), (0.467926, 0.771436), (0.474999, 0.762205), (0.458099, 0.782363), (0.474917, 0.743233)]
[(0.425201, 0.74853), (0.429667, 0.803184), (0.410647, 0.747754), (0.397777, 0.758435), (0.389803, 0.769922), (0.381135, 0.79039), (0.416451, 0.805063), (0.3942, 0.799582), (0.386806, 0.795587), (0.40448, 0.803619), (0.384133, 0.780175), (0.438864, 0.740138), (0.453495, 0.74388), (0.463621, 0.750442), (0.475668, 0.766976), (0.443124, 0.797772), (0.464202, 0.78093), (0.470863, 0.773974), (0.454801, 0.789812), (0.471085, 0.757979)]
[(0.42453, 0.751536), (0.427719, 0.802214), (0.409844, 0.750562), (0.39598, 0.76204), (0.3873, 0.774706), (0.378208, 0.797289), (0.414578, 0.803918), (0.391824, 0.801817), (0.384096, 0.800262), (0.402415, 0.803649), (0.381245, 0.786264), (0.438176, 0.744184), (0.452225, 0.74953), (0.461359, 0.758304), (0.471212, 0.778524), (0.44045, 0.798511), (0.460527, 0.787763), (0.466719, 0.783434), (0.451624, 0.793418), (0.467777, 0.767953)]
[(0.424443, 0.755041), (0.426897, 0.804114), (0.409431, 0.753859), (0.393937, 0.766364), (0.383672, 0.779578), (0.371985, 0.802377), (0.413162, 0.805915), (0.387814, 0.805274), (0.378796, 0.804574), (0.39987, 0.806163), (0.37614, 0.791496), (0.43739, 0.74892), (0.449766, 0.755364), (0.457278, 0.765232), (0.46456, 0.785809), (0.43865, 0.801321), (0.456009, 0.793112), (0.46098, 0.789838), (0.448558, 0.797491), (0.462332, 0.775434)]
[(0.428846, 0.766476), (0.430591, 0.805351), (0.414607, 0.765522), (0.399899, 0.776541), (0.389826, 0.787427), (0.37739, 0.805868), (0.417457, 0.807507), (0.393107, 0.808458), (0.384307, 0.808012), (0.404724, 0.808561), (0.382101, 0.797124), (0.441142, 0.760295), (0.452648, 0.764839), (0.459841, 0.772567), (0.467126, 0.789682), (0.441719, 0.802577), (0.458493, 0.796198), (0.463548, 0.793539), (0.451216, 0.799456), (0.464853, 0.780913)]
[(0.425371, 0.768264), (0.427016, 0.807357), (0.411064, 0.767855), (0.396114, 0.779338), (0.385868, 0.790374), (0.373019, 0.808857), (0.413593, 0.809627), (0.388935, 0.810627), (0.379992, 0.810474), (0.400687, 0.810539), (0.37794, 0.800079), (0.437497, 0.762108), (0.448868, 0.766464), (0.455976, 0.773823), (0.463208, 0.790035), (0.438149, 0.804229), (0.454667, 0.796784), (0.45964, 0.793751), (0.447514, 0.800535), (0.460917, 0.781672)]
[(0.425649, 0.765693), (0.427667, 0.804461), (0.411224, 0.766052), (0.396309, 0.779041), (0.386011, 0.790877), (0.372774, 0.809833), (0.414138, 0.807355), (0.389016, 0.810023), (0.379902, 0.810689), (0.401017, 0.80903), (0.377934, 0.801053), (0.437515, 0.759601), (0.448581, 0.764274), (0.455387, 0.77191), (0.462245, 0.788005), (0.438615, 0.801216), (0.454398, 0.794106), (0.45898, 0.791406), (0.447644, 0.797565), (0.460097, 0.779867)]
[(0.424696, 0.765721), (0.427566, 0.805868), (0.410383, 0.765622), (0.396234, 0.777355), (0.386674, 0.788275), (0.374759, 0.805908), (0.414389, 0.808241), (0.390195, 0.808675), (0.381522, 0.808003), (0.401717, 0.809006), (0.37934, 0.797697), (0.437139, 0.758963), (0.449106, 0.763014), (0.456608, 0.769782), (0.46473, 0.784524), (0.439044, 0.802303), (0.456116, 0.79302), (0.461092, 0.789062), (0.448749, 0.797798), (0.461912, 0.776925)]
[(0.429456, 0.762678), (0.430742, 0.806098), (0.414811, 0.762235), (0.399478, 0.774162), (0.388747, 0.785543), (0.375204, 0.804272), (0.417111, 0.808595), (0.391391, 0.808051), (0.382178, 0.80678), (0.403721, 0.809158), (0.380431, 0.795335), (0.441621, 0.755822), (0.452793, 0.759918), (0.459572, 0.767488), (0.465928, 0.784242), (0.44207, 0.802259), (0.458342, 0.792386), (0.462797, 0.78855), (0.451412, 0.797415), (0.464029, 0.775518)]
[(0.425078, 0.756818), (0.427287, 0.805001), (0.410591, 0.756389), (0.395962, 0.768809), (0.386218, 0.7814), (0.374901, 0.80254), (0.414127, 0.807185), (0.389895, 0.806001), (0.381357, 0.804869), (0.401387, 0.807289), (0.379014, 0.792491), (0.437775, 0.749955), (0.449966, 0.755125), (0.45741, 0.763843), (0.464643, 0.78266), (0.438889, 0.801268), (0.456168, 0.790858), (0.461048, 0.786956), (0.448724, 0.7962), (0.462342, 0.773005)]
[(0.424832, 0.756464), (0.428587, 0.805572), (0.410377, 0.755992), (0.3967, 0.767688), (0.388019, 0.780087), (0.378358, 0.801592), (0.41545, 0.807713), (0.392159, 0.806085), (0.384288, 0.804408), (0.403051, 0.807803), (0.381745, 0.791279), (0.438146, 0.749097), (0.451499, 0.753983), (0.459942, 0.76258), (0.468727, 0.782107), (0.440976, 0.801767), (0.459729, 0.790912), (0.464985, 0.786621), (0.451648, 0.796602), (0.465722, 0.771999)]
[(0.421834, 0.756692), (0.425365, 0.805507), (0.407813, 0.755548), (0.394917, 0.766446), (0.386776, 0.778363), (0.377671, 0.799372), (0.412723, 0.807236), (0.390649, 0.80445), (0.383235, 0.802452), (0.40094, 0.806775), (0.380914, 0.789085), (0.434907, 0.749177), (0.448202, 0.753984), (0.456841, 0.762283), (0.46651, 0.780954), (0.437618, 0.801867), (0.456771, 0.790502), (0.462431, 0.78587), (0.448354, 0.796527), (0.462938, 0.771173)]
[(0.423577, 0.75978), (0.426899, 0.810549), (0.409673, 0.75861), (0.396986, 0.769377), (0.388782, 0.780872), (0.379276, 0.800456), (0.414189, 0.812272), (0.391931, 0.807698), (0.384649, 0.80453), (0.402301, 0.811207), (0.382809, 0.79095), (0.436454, 0.752524), (0.449227, 0.757182), (0.457532, 0.764855), (0.466699, 0.781609), (0.439111, 0.80663), (0.457718, 0.793002), (0.462971, 0.787261), (0.449687, 0.800384), (0.46328, 0.772846)]
[(0.425775, 0.755172), (0.429075, 0.805251), (0.412344, 0.753725), (0.40031, 0.763356), (0.392599, 0.773989), (0.383707, 0.792452), (0.416881, 0.806786), (0.395786, 0.800987), (0.388887, 0.797213), (0.405598, 0.80523), (0.387014, 0.783353), (0.438303, 0.747716), (0.450856, 0.751458), (0.459148, 0.758412), (0.468264, 0.775153), (0.440986, 0.80092), (0.459086, 0.786458), (0.464439, 0.780826), (0.451223, 0.794075), (0.464904, 0.76619)]
[(0.428133, 0.748107), (0.431482, 0.800257), (0.414673, 0.747711), (0.4027, 0.758114), (0.395296, 0.768927), (0.38703, 0.78775), (0.419501, 0.802192), (0.398917, 0.797158), (0.392224, 0.793023), (0.408441, 0.801199), (0.389952, 0.778645), (0.441325, 0.740936), (0.455223, 0.744961), (0.464419, 0.752268), (0.474341, 0.770403), (0.443992, 0.79576), (0.463837, 0.78172), (0.470008, 0.77632), (0.455011, 0.789027), (0.470935, 0.760794)]
[(0.429165, 0.745535), (0.433305, 0.801142), (0.415711, 0.745044), (0.40371, 0.756011), (0.396212, 0.767463), (0.387907, 0.786655), (0.421155, 0.802855), (0.40012, 0.79644), (0.393188, 0.792029), (0.409931, 0.801222), (0.390849, 0.77736), (0.441932, 0.738057), (0.455474, 0.742384), (0.464573, 0.7499), (0.47461, 0.767693), (0.445535, 0.79661), (0.464746, 0.78084), (0.470588, 0.774265), (0.456269, 0.789388), (0.471023, 0.758234)]
[(0.427978, 0.74686), (0.432119, 0.801201), (0.414742, 0.74645), (0.403047, 0.756994), (0.395793, 0.768057), (0.387771, 0.786695), (0.420115, 0.802729), (0.399653, 0.796202), (0.392921, 0.791965), (0.409159, 0.80092), (0.390619, 0.777557), (0.440624, 0.739503), (0.45407, 0.743442), (0.463223, 0.750534), (0.473414, 0.767899), (0.44428, 0.796528), (0.463346, 0.780806), (0.469267, 0.774439), (0.454916, 0.789164), (0.469719, 0.75857)]
[(0.428012, 0.743822), (0.432243, 0.800921), (0.414886, 0.74284), (0.403355, 0.753668), (0.396087, 0.764963), (0.387772, 0.783779), (0.420363, 0.802277), (0.399763, 0.794502), (0.392929, 0.789641), (0.409387, 0.799997), (0.390796, 0.774641), (0.440411, 0.736438), (0.453533, 0.741004), (0.462426, 0.748415), (0.472371, 0.765604), (0.444231, 0.796392), (0.46281, 0.779592), (0.46845, 0.772587), (0.454644, 0.788735), (0.468718, 0.756467)]
[(0.426107, 0.747028), (0.430054, 0.802841), (0.412727, 0.74579), (0.400724, 0.75616), (0.392997, 0.766944), (0.383988, 0.785165), (0.417896, 0.804405), (0.396606, 0.796798), (0.389421, 0.791556), (0.406624, 0.802239), (0.387333, 0.776196), (0.438439, 0.739614), (0.451167, 0.743922), (0.459718, 0.750734), (0.469303, 0.766646), (0.441987, 0.797884), (0.459998, 0.780607), (0.465451, 0.773675), (0.452155, 0.789811), (0.465714, 0.758144)]
[(0.427023, 0.746068), (0.430513, 0.801696), (0.413423, 0.745057), (0.40117, 0.755432), (0.39331, 0.766474), (0.38425, 0.78504), (0.418226, 0.803243), (0.396872, 0.795887), (0.389672, 0.791052), (0.406895, 0.801062), (0.387558, 0.7759), (0.439617, 0.738585), (0.452686, 0.742541), (0.461654, 0.74932), (0.471789, 0.765638), (0.442731, 0.796786), (0.461714, 0.779783), (0.467623, 0.772791), (0.453332, 0.78888), (0.468041, 0.75687)]
[(0.431367, 0.744563), (0.434544, 0.800478), (0.417545, 0.744545), (0.405161, 0.756158), (0.397328, 0.767537), (0.38832, 0.786796), (0.421897, 0.802756), (0.40032, 0.797392), (0.393435, 0.792637), (0.410315, 0.801775), (0.391587, 0.777336), (0.444608, 0.737284), (0.458526, 0.741693), (0.467839, 0.748809), (0.478288, 0.765774), (0.447402, 0.795652), (0.46784, 0.779734), (0.474064, 0.772792), (0.458767, 0.788352), (0.474507, 0.756668)]
[(0.43016, 0.741299), (0.43432, 0.802437), (0.416186, 0.741413), (0.403789, 0.75414), (0.396019, 0.766636), (0.38712, 0.78728), (0.421535, 0.804427), (0.399538, 0.797925), (0.392418, 0.793107), (0.409769, 0.802856), (0.390332, 0.777267), (0.443463, 0.734316), (0.457876, 0.739787), (0.467594, 0.74798), (0.478148, 0.76595), (0.447381, 0.797624), (0.467902, 0.780582), (0.474055, 0.773193), (0.458829, 0.789884), (0.474414, 0.756491)]
[(0.4285, 0.748177), (0.432602, 0.802989), (0.41464, 0.746905), (0.402332, 0.757491), (0.394476, 0.768817), (0.385453, 0.78843), (0.420039, 0.804405), (0.398134, 0.797758), (0.390892, 0.793621), (0.408378, 0.802519), (0.388778, 0.778774), (0.441368, 0.74057), (0.454514, 0.744738), (0.463206, 0.752014), (0.472652, 0.769149), (0.444961, 0.79862), (0.463622, 0.782628), (0.468988, 0.77586), (0.455578, 0.791363), (0.4692, 0.759939)]
[(0.425425, 0.743686), (0.429935, 0.798845), (0.411303, 0.742418), (0.398773, 0.752932), (0.390911, 0.764217), (0.382069, 0.783904), (0.417099, 0.800193), (0.395, 0.7934), (0.387612, 0.789222), (0.405322, 0.798113), (0.385274, 0.774183), (0.43841, 0.736067), (0.451802, 0.740143), (0.460726, 0.746883), (0.470569, 0.762936), (0.442439, 0.794235), (0.461235, 0.777375), (0.466731, 0.770065), (0.453117, 0.786594), (0.466908, 0.754321)]
[(0.429635, 0.736284), (0.434778, 0.800064), (0.416578, 0.736384), (0.405612, 0.748327), (0.399063, 0.760131), (0.39218, 0.780026), (0.422681, 0.80136), (0.403015, 0.791854), (0.396852, 0.786195), (0.411987, 0.798211), (0.394507, 0.770207), (0.442483, 0.729201), (0.456917, 0.734367), (0.467001, 0.741446), (0.478835, 0.757232), (0.447647, 0.794773), (0.468132, 0.774372), (0.474519, 0.765513), (0.458974, 0.785546), (0.474418, 0.748659)]
[(0.429994, 0.733294), (0.435474, 0.795802), (0.41726, 0.734309), (0.406871, 0.746766), (0.40082, 0.758625), (0.394544, 0.778144), (0.423751, 0.797676), (0.404893, 0.789447), (0.399042, 0.784165), (0.413444, 0.795197), (0.396675, 0.768567), (0.442544, 0.72582), (0.456643, 0.730222), (0.466501, 0.736624), (0.478085, 0.751269), (0.448069, 0.789868), (0.467875, 0.768944), (0.473987, 0.75986), (0.459045, 0.780305), (0.473707, 0.743294)]
[(0.431709, 0.735795), (0.43783, 0.800559), (0.419619, 0.737288), (0.410535, 0.749434), (0.405604, 0.760938), (0.401235, 0.779842), (0.426575, 0.802413), (0.409618, 0.792798), (0.404827, 0.786499), (0.417077, 0.79943), (0.402506, 0.770483), (0.444278, 0.727316), (0.45888, 0.730707), (0.469491, 0.735932), (0.482852, 0.749166), (0.450588, 0.793923), (0.471735, 0.770032), (0.478463, 0.759194), (0.462099, 0.783125), (0.477685, 0.741618)]
[(0.43005, 0.736113), (0.439441, 0.804212), (0.418944, 0.737676), (0.411566, 0.748477), (0.408464, 0.759329), (0.407568, 0.778118), (0.428684, 0.805379), (0.413862, 0.793258), (0.41015, 0.785628), (0.420139, 0.801304), (0.407234, 0.76846), (0.442463, 0.727674), (0.45755, 0.730127), (0.468958, 0.7344), (0.484143, 0.747789), (0.452179, 0.797381), (0.473664, 0.771227), (0.480275, 0.75886), (0.463854, 0.785815), (0.478184, 0.739691)]
[(0.432313, 0.730526), (0.440211, 0.797904), (0.420081, 0.732006), (0.41071, 0.744617), (0.405577, 0.756736), (0.400838, 0.777198), (0.428748, 0.799656), (0.41058, 0.789669), (0.405063, 0.783674), (0.418743, 0.796421), (0.402319, 0.767035), (0.444579, 0.722775), (0.458658, 0.726636), (0.468709, 0.732583), (0.48098, 0.74671), (0.452508, 0.791387), (0.471625, 0.767285), (0.477365, 0.75658), (0.463142, 0.780476), (0.476239, 0.738775)]
[(0.432916, 0.731688), (0.442954, 0.803181), (0.421114, 0.732933), (0.412696, 0.744866), (0.408644, 0.756885), (0.406361, 0.777516), (0.431338, 0.804121), (0.414219, 0.791326), (0.409644, 0.784383), (0.421656, 0.799542), (0.406637, 0.767187), (0.445327, 0.723747), (0.460153, 0.727858), (0.470867, 0.733669), (0.484467, 0.748198), (0.455699, 0.796834), (0.475599, 0.770807), (0.481205, 0.758722), (0.466849, 0.785423), (0.47914, 0.739844)]
[(0.428277, 0.741583), (0.435346, 0.800534), (0.415858, 0.741788), (0.40591, 0.752868), (0.40036, 0.764308), (0.395229, 0.784263), (0.423987, 0.802086), (0.40533, 0.794235), (0.399596, 0.789617), (0.413833, 0.799657), (0.396806, 0.774492), (0.440535, 0.732991), (0.45411, 0.736102), (0.46333, 0.742323), (0.474207, 0.758405), (0.447165, 0.795087), (0.465455, 0.775277), (0.470744, 0.766577), (0.457467, 0.786112), (0.47007, 0.749592)]
[(0.437996, 0.750943), (0.442386, 0.809781), (0.425805, 0.750825), (0.414579, 0.76414), (0.407256, 0.776654), (0.398323, 0.797248), (0.430935, 0.811776), (0.410465, 0.806613), (0.403606, 0.802535), (0.420073, 0.810596), (0.401704, 0.78754), (0.449092, 0.744904), (0.460853, 0.751394), (0.468425, 0.760348), (0.476071, 0.778739), (0.453302, 0.805433), (0.469103, 0.791146), (0.473384, 0.785034), (0.46233, 0.798698), (0.473547, 0.76936)]
[(0.438079, 0.747417), (0.441401, 0.80512), (0.425089, 0.747136), (0.412067, 0.761388), (0.403175, 0.774845), (0.391897, 0.796725), (0.429161, 0.80734), (0.406174, 0.803772), (0.398041, 0.800847), (0.417146, 0.806804), (0.396172, 0.786549), (0.448993, 0.741841), (0.459942, 0.749018), (0.466558, 0.75955), (0.472338, 0.780531), (0.451874, 0.801524), (0.466402, 0.790317), (0.470101, 0.785589), (0.460312, 0.796254), (0.470756, 0.77007)]
[(0.437442, 0.754633), (0.439494, 0.804336), (0.424336, 0.753644), (0.411217, 0.766254), (0.402155, 0.777918), (0.390257, 0.796516), (0.427383, 0.806195), (0.404559, 0.803205), (0.396473, 0.800447), (0.415476, 0.805825), (0.394938, 0.787907), (0.448724, 0.749551), (0.459517, 0.756539), (0.465977, 0.76579), (0.471812, 0.783695), (0.450168, 0.801177), (0.465179, 0.791804), (0.469169, 0.788065), (0.45887, 0.796628), (0.47014, 0.774859)]
[(0.439463, 0.758506), (0.440263, 0.806341), (0.425699, 0.757119), (0.411474, 0.768397), (0.401521, 0.778901), (0.388333, 0.795821), (0.427328, 0.807802), (0.403165, 0.803742), (0.394734, 0.800335), (0.41468, 0.806924), (0.393603, 0.787921), (0.451258, 0.753753), (0.462008, 0.760069), (0.46834, 0.768532), (0.473754, 0.785018), (0.451422, 0.803241), (0.46699, 0.793655), (0.47105, 0.789671), (0.460451, 0.798625), (0.472323, 0.776837)]
[(0.443374, 0.755727), (0.443353, 0.80844), (0.429678, 0.754082), (0.414971, 0.766678), (0.404587, 0.778322), (0.390637, 0.796824), (0.430324, 0.809849), (0.405696, 0.805228), (0.397127, 0.801577), (0.417431, 0.80877), (0.396251, 0.788218), (0.454706, 0.751692), (0.465005, 0.759686), (0.470873, 0.769721), (0.475119, 0.787977), (0.454292, 0.805513), (0.469091, 0.796114), (0.472768, 0.792386), (0.462934, 0.800978), (0.474319, 0.779116)]
