[(0.403118, 0.75627), (0.404678, 0.783728), (0.394262, 0.754694), (0.38653, 0.756896), (0.381929, 0.758644), (0.376706, 0.762075), (0.395376, 0.782584), (0.382246, 0.770991), (0.378984, 0.766046), (0.387662, 0.777485), (0.378751, 0.760198), (0.412101, 0.752844), (0.420252, 0.753515), (0.424944, 0.754657), (0.430785, 0.756887), (0.413889, 0.780895), (0.426238, 0.76687), (0.428868, 0.761321), (0.421356, 0.774405), (0.42833, 0.755523)]
[(0.408872, 0.759833), (0.411219, 0.783323), (0.399829, 0.758675), (0.392191, 0.760512), (0.387531, 0.761797), (0.382045, 0.764313), (0.401753, 0.782657), (0.388018, 0.772439), (0.384505, 0.767939), (0.393801, 0.778266), (0.384204, 0.762877), (0.418066, 0.756155), (0.426528, 0.755912), (0.431616, 0.756084), (0.43828, 0.756522), (0.420652, 0.780249), (0.433475, 0.766443), (0.436286, 0.76095), (0.428339, 0.773794), (0.435377, 0.756012)]
[(0.411959, 0.765823), (0.41453, 0.786035), (0.402967, 0.765386), (0.395314, 0.767493), (0.390642, 0.768842), (0.385148, 0.771417), (0.405426, 0.785972), (0.391693, 0.777971), (0.387922, 0.774374), (0.397607, 0.782591), (0.387208, 0.769977), (0.420715, 0.761986), (0.428945, 0.761104), (0.433782, 0.760833), (0.440022, 0.760869), (0.423395, 0.782757), (0.435396, 0.769978), (0.438049, 0.764979), (0.430584, 0.776675), (0.437436, 0.76049)]
[(0.41329, 0.772294), (0.415143, 0.791245), (0.404118, 0.772057), (0.39611, 0.773976), (0.391323, 0.775185), (0.3861, 0.77762), (0.405718, 0.791217), (0.39206, 0.783701), (0.388535, 0.780333), (0.397788, 0.788032), (0.387901, 0.776221), (0.422225, 0.768874), (0.43052, 0.767949), (0.435128, 0.767694), (0.440703, 0.768053), (0.424301, 0.78804), (0.436277, 0.776147), (0.438833, 0.771669), (0.431539, 0.78231), (0.438544, 0.767471)]
[(0.413507, 0.782679), (0.414036, 0.797534), (0.404894, 0.782305), (0.397024, 0.783698), (0.392105, 0.784481), (0.386338, 0.786183), (0.40524, 0.797405), (0.392217, 0.79134), (0.38872, 0.788535), (0.397756, 0.794844), (0.388439, 0.785143), (0.421885, 0.779986), (0.429309, 0.779144), (0.43325, 0.778795), (0.438062, 0.778775), (0.422454, 0.795008), (0.433677, 0.785541), (0.4362, 0.781843), (0.429149, 0.790488), (0.436223, 0.778418)]
[(0.413447, 0.78836), (0.413864, 0.802633), (0.404889, 0.788004), (0.396934, 0.789354), (0.391958, 0.790077), (0.386063, 0.791698), (0.405207, 0.802489), (0.392109, 0.79672), (0.388511, 0.794033), (0.397758, 0.800042), (0.388178, 0.790678), (0.421713, 0.785758), (0.428989, 0.78491), (0.432768, 0.784561), (0.437563, 0.784576), (0.422096, 0.800187), (0.433193, 0.791178), (0.435669, 0.787617), (0.428689, 0.795889), (0.43572, 0.78417)]
[(0.413139, 0.78893), (0.414271, 0.802812), (0.404601, 0.788776), (0.396817, 0.790154), (0.392098, 0.790887), (0.386705, 0.792522), (0.405603, 0.802815), (0.392598, 0.797438), (0.389071, 0.794807), (0.398179, 0.800573), (0.388606, 0.791474), (0.421726, 0.786255), (0.429594, 0.785206), (0.433917, 0.784684), (0.43943, 0.784584), (0.422691, 0.80027), (0.434563, 0.7912), (0.437329, 0.787606), (0.429635, 0.795945), (0.437317, 0.784189)]
[(0.413049, 0.788541), (0.41419, 0.802855), (0.404606, 0.788398), (0.396872, 0.789839), (0.392151, 0.790615), (0.386807, 0.792281), (0.405518, 0.802917), (0.392598, 0.797433), (0.389133, 0.794661), (0.398104, 0.800673), (0.388731, 0.791225), (0.421607, 0.785807), (0.429468, 0.784741), (0.433841, 0.784165), (0.43949, 0.783957), (0.422636, 0.800208), (0.434549, 0.790779), (0.437377, 0.787039), (0.429582, 0.795725), (0.437285, 0.783621)]
[(0.413369, 0.788234), (0.413784, 0.802244), (0.404938, 0.788141), (0.397136, 0.789753), (0.392208, 0.790662), (0.386351, 0.792458), (0.405207, 0.802362), (0.392321, 0.797252), (0.38879, 0.794681), (0.397838, 0.800276), (0.388532, 0.791391), (0.421742, 0.78555), (0.429275, 0.784637), (0.433425, 0.784192), (0.438738, 0.784067), (0.422074, 0.799693), (0.433747, 0.790674), (0.436592, 0.787067), (0.428869, 0.795399), (0.436665, 0.783749)]
[(0.412236, 0.788678), (0.412584, 0.8024), (0.403939, 0.788503), (0.396339, 0.790002), (0.391498, 0.790856), (0.385669, 0.792547), (0.404217, 0.802445), (0.391601, 0.79731), (0.38811, 0.794758), (0.39701, 0.800335), (0.387849, 0.791549), (0.420511, 0.786058), (0.427975, 0.78519), (0.432141, 0.784765), (0.437426, 0.784571), (0.42079, 0.799952), (0.432389, 0.79111), (0.435249, 0.787546), (0.427537, 0.79575), (0.435357, 0.784321)]
[(0.410883, 0.786692), (0.411654, 0.800492), (0.402422, 0.786485), (0.39488, 0.787912), (0.390193, 0.788777), (0.38478, 0.790549), (0.403155, 0.80045), (0.390579, 0.795233), (0.387171, 0.792713), (0.395926, 0.798264), (0.38674, 0.789518), (0.419438, 0.784208), (0.427381, 0.783494), (0.431888, 0.783165), (0.437518, 0.783113), (0.420204, 0.798141), (0.432285, 0.789457), (0.435256, 0.785989), (0.427246, 0.794008), (0.435342, 0.782811)]
[(0.41063, 0.786219), (0.411551, 0.800012), (0.402144, 0.785986), (0.394644, 0.787345), (0.390033, 0.788177), (0.384807, 0.789934), (0.403053, 0.799921), (0.39054, 0.794614), (0.387176, 0.792096), (0.395838, 0.797674), (0.386661, 0.788906), (0.419214, 0.783764), (0.427221, 0.783056), (0.431766, 0.782734), (0.437377, 0.78271), (0.420149, 0.797687), (0.432223, 0.789018), (0.435148, 0.785571), (0.427217, 0.793555), (0.435232, 0.782396)]
[(0.41204, 0.786079), (0.412686, 0.800478), (0.403382, 0.785798), (0.395522, 0.787283), (0.390628, 0.788208), (0.385022, 0.790124), (0.403959, 0.800369), (0.39101, 0.794931), (0.3875, 0.792346), (0.396507, 0.798067), (0.387016, 0.78901), (0.420713, 0.78363), (0.42866, 0.783042), (0.43305, 0.782851), (0.438471, 0.783043), (0.42135, 0.798146), (0.433395, 0.789427), (0.436267, 0.785948), (0.428428, 0.793999), (0.436424, 0.782609)]
[(0.41286, 0.78507), (0.413741, 0.800841), (0.404155, 0.784706), (0.396299, 0.78619), (0.391417, 0.787109), (0.385785, 0.789073), (0.404909, 0.800739), (0.391804, 0.794611), (0.388261, 0.791605), (0.39737, 0.798188), (0.387827, 0.787904), (0.42156, 0.782361), (0.429559, 0.781625), (0.434011, 0.781364), (0.43953, 0.781577), (0.422471, 0.798287), (0.434526, 0.788622), (0.437388, 0.78475), (0.429562, 0.793709), (0.437408, 0.781098)]
[(0.413039, 0.787305), (0.413639, 0.80361), (0.404288, 0.78693), (0.39628, 0.788506), (0.391299, 0.789477), (0.385559, 0.791575), (0.404811, 0.803468), (0.391636, 0.797183), (0.38806, 0.794162), (0.397235, 0.800819), (0.38761, 0.790332), (0.42177, 0.784522), (0.429654, 0.783817), (0.433934, 0.783593), (0.439262, 0.783901), (0.422342, 0.800985), (0.434304, 0.791125), (0.437116, 0.787182), (0.429403, 0.796309), (0.437222, 0.783359)]
[(0.413216, 0.78707), (0.414137, 0.803733), (0.40447, 0.786626), (0.396604, 0.788136), (0.391755, 0.789046), (0.386282, 0.791075), (0.405333, 0.803514), (0.392235, 0.796853), (0.388724, 0.793722), (0.397785, 0.800677), (0.388194, 0.789851), (0.421862, 0.78426), (0.429814, 0.783548), (0.434188, 0.783291), (0.439642, 0.78353), (0.422825, 0.801083), (0.434759, 0.790896), (0.43754, 0.786867), (0.429879, 0.796246), (0.437554, 0.783019)]
[(0.413255, 0.788014), (0.413916, 0.805058), (0.404418, 0.787561), (0.396365, 0.789093), (0.391391, 0.78998), (0.385778, 0.791908), (0.404915, 0.80479), (0.391678, 0.797823), (0.388176, 0.794605), (0.397238, 0.801813), (0.387737, 0.790745), (0.421948, 0.785192), (0.429862, 0.784474), (0.434159, 0.784223), (0.439481, 0.784485), (0.422737, 0.802365), (0.434706, 0.79195), (0.437439, 0.787859), (0.429858, 0.79742), (0.437454, 0.783971)]
[(0.41419, 0.788615), (0.415147, 0.805026), (0.405304, 0.788275), (0.397217, 0.789749), (0.392243, 0.790571), (0.38662, 0.792433), (0.406164, 0.804885), (0.392793, 0.798225), (0.389155, 0.795091), (0.398475, 0.802064), (0.388583, 0.791285), (0.422908, 0.785675), (0.430851, 0.784661), (0.435166, 0.784213), (0.440485, 0.784235), (0.423875, 0.802236), (0.435722, 0.791791), (0.438432, 0.787668), (0.430916, 0.797267), (0.438472, 0.783802)]
[(0.413406, 0.788947), (0.414485, 0.80493), (0.404657, 0.7887), (0.396701, 0.790154), (0.391843, 0.790959), (0.386427, 0.792767), (0.405598, 0.804851), (0.392414, 0.79846), (0.388862, 0.795386), (0.398002, 0.802168), (0.388297, 0.791641), (0.422069, 0.786061), (0.429979, 0.784977), (0.434309, 0.784471), (0.439674, 0.78444), (0.423134, 0.802147), (0.43493, 0.791885), (0.437639, 0.787825), (0.430128, 0.797261), (0.437635, 0.78402)]
[(0.413533, 0.787526), (0.414334, 0.803206), (0.404776, 0.787256), (0.396738, 0.788801), (0.391732, 0.789724), (0.386027, 0.791668), (0.405474, 0.803134), (0.39221, 0.797078), (0.388566, 0.794166), (0.397869, 0.800595), (0.388049, 0.790505), (0.422165, 0.784746), (0.42998, 0.783866), (0.434213, 0.783518), (0.439428, 0.783603), (0.42293, 0.800556), (0.434649, 0.790752), (0.437366, 0.786858), (0.429867, 0.795893), (0.437449, 0.783168)]
[(0.412923, 0.785452), (0.413702, 0.801917), (0.404156, 0.785057), (0.396088, 0.786604), (0.391086, 0.78757), (0.385389, 0.789545), (0.404683, 0.801713), (0.391404, 0.795219), (0.387838, 0.792139), (0.397011, 0.79897), (0.387448, 0.788378), (0.421639, 0.782771), (0.429541, 0.782116), (0.433896, 0.781935), (0.439221, 0.782245), (0.422479, 0.79934), (0.434423, 0.7894), (0.437165, 0.785471), (0.429561, 0.794635), (0.437181, 0.781736)]
[(0.413885, 0.782239), (0.414454, 0.798314), (0.405082, 0.782052), (0.39702, 0.783688), (0.392089, 0.784683), (0.386638, 0.786646), (0.40528, 0.798297), (0.392137, 0.792079), (0.388813, 0.789109), (0.397599, 0.795713), (0.388586, 0.785513), (0.422499, 0.779499), (0.430298, 0.778716), (0.434576, 0.778453), (0.439628, 0.77878), (0.423288, 0.795623), (0.435108, 0.785674), (0.437751, 0.781852), (0.430335, 0.790873), (0.437727, 0.778269)]
[(0.414255, 0.783021), (0.414588, 0.798117), (0.405422, 0.782711), (0.39722, 0.784158), (0.392144, 0.785044), (0.386409, 0.786888), (0.405445, 0.798061), (0.392101, 0.792186), (0.388666, 0.789301), (0.397716, 0.795636), (0.388483, 0.785801), (0.422878, 0.780463), (0.430584, 0.779734), (0.4348, 0.779473), (0.439967, 0.779777), (0.423366, 0.795645), (0.435304, 0.786387), (0.438034, 0.782734), (0.430425, 0.791266), (0.437996, 0.779284)]
[(0.414919, 0.784253), (0.416168, 0.799584), (0.405964, 0.78423), (0.397787, 0.785701), (0.392799, 0.786458), (0.387161, 0.788133), (0.407094, 0.79967), (0.393472, 0.793598), (0.389748, 0.790656), (0.399298, 0.797145), (0.389175, 0.787068), (0.423716, 0.781236), (0.431734, 0.779851), (0.436152, 0.779104), (0.441773, 0.778685), (0.424828, 0.796641), (0.436733, 0.786189), (0.439565, 0.782108), (0.431839, 0.791636), (0.439586, 0.778445)]
[(0.416329, 0.780884), (0.417021, 0.795841), (0.407184, 0.780784), (0.398563, 0.782269), (0.393143, 0.783057), (0.386916, 0.784899), (0.407694, 0.795927), (0.393585, 0.790075), (0.389667, 0.787269), (0.399653, 0.793486), (0.389162, 0.783742), (0.425069, 0.778012), (0.432848, 0.776783), (0.436983, 0.776172), (0.442035, 0.776083), (0.42568, 0.793031), (0.437274, 0.783093), (0.439959, 0.779267), (0.432549, 0.788266), (0.44014, 0.775674)]
[(0.415768, 0.780402), (0.416848, 0.795672), (0.406488, 0.780323), (0.397832, 0.781863), (0.392455, 0.782687), (0.386363, 0.784607), (0.407416, 0.795793), (0.393126, 0.789861), (0.389153, 0.787021), (0.39927, 0.793323), (0.388501, 0.78341), (0.424617, 0.7774), (0.432604, 0.776091), (0.436873, 0.775447), (0.442115, 0.775331), (0.425638, 0.792776), (0.437395, 0.782568), (0.440061, 0.778626), (0.432636, 0.78788), (0.440173, 0.77492)]
[(0.415513, 0.781308), (0.416425, 0.796782), (0.40624, 0.781157), (0.397621, 0.782686), (0.392287, 0.783489), (0.386195, 0.785385), (0.407131, 0.796829), (0.392937, 0.790723), (0.388977, 0.787854), (0.39906, 0.794262), (0.388322, 0.784186), (0.424333, 0.778292), (0.432267, 0.777019), (0.4365, 0.776394), (0.441797, 0.776294), (0.425101, 0.793906), (0.436897, 0.783659), (0.439644, 0.779676), (0.432088, 0.788997), (0.439822, 0.775871)]
[(0.41519, 0.781907), (0.416198, 0.797733), (0.406, 0.781701), (0.397459, 0.783199), (0.392217, 0.783966), (0.386273, 0.78582), (0.406978, 0.797699), (0.392892, 0.791351), (0.388988, 0.788377), (0.398963, 0.795018), (0.388321, 0.78462), (0.423945, 0.778942), (0.431869, 0.777713), (0.436087, 0.777133), (0.441444, 0.777154), (0.424793, 0.794872), (0.436534, 0.784584), (0.439287, 0.780575), (0.431733, 0.789951), (0.439441, 0.776656)]
[(0.413571, 0.783499), (0.414063, 0.799883), (0.404486, 0.783075), (0.39602, 0.784588), (0.390767, 0.785379), (0.384688, 0.787201), (0.404874, 0.799665), (0.39107, 0.792904), (0.387325, 0.789819), (0.396948, 0.796775), (0.386851, 0.786047), (0.422225, 0.780671), (0.429952, 0.779771), (0.434018, 0.779364), (0.439276, 0.77943), (0.422715, 0.797162), (0.434399, 0.78689), (0.437146, 0.782841), (0.429661, 0.792281), (0.437259, 0.778968)]
[(0.413514, 0.783677), (0.414272, 0.800288), (0.404545, 0.783319), (0.39621, 0.784833), (0.391103, 0.785652), (0.385445, 0.787536), (0.405038, 0.800126), (0.391451, 0.793329), (0.387882, 0.790169), (0.397175, 0.797244), (0.387385, 0.786367), (0.422122, 0.780826), (0.429852, 0.77987), (0.433936, 0.779457), (0.439035, 0.779617), (0.423008, 0.797488), (0.434561, 0.787044), (0.437125, 0.782972), (0.429934, 0.792518), (0.437132, 0.779109)]
[(0.414157, 0.783007), (0.414431, 0.800064), (0.405059, 0.782657), (0.39653, 0.784431), (0.391341, 0.785483), (0.385563, 0.78766), (0.405102, 0.799939), (0.391481, 0.793253), (0.387932, 0.790197), (0.397199, 0.797104), (0.387543, 0.786396), (0.42272, 0.780123), (0.43035, 0.779388), (0.434381, 0.779227), (0.43923, 0.779864), (0.423166, 0.797343), (0.434812, 0.787118), (0.437376, 0.783132), (0.430141, 0.792487), (0.437461, 0.779166)]
[(0.414567, 0.784367), (0.414799, 0.802108), (0.405567, 0.783794), (0.397132, 0.785559), (0.391968, 0.786664), (0.386097, 0.788931), (0.405629, 0.801843), (0.392111, 0.794768), (0.388516, 0.791581), (0.397831, 0.798822), (0.388167, 0.787624), (0.422988, 0.781438), (0.430468, 0.780842), (0.434502, 0.780793), (0.43941, 0.781541), (0.423332, 0.799468), (0.434907, 0.789072), (0.43753, 0.784936), (0.430215, 0.794582), (0.437578, 0.780811)]
[(0.415527, 0.786606), (0.41578, 0.804172), (0.406513, 0.786223), (0.398062, 0.788079), (0.392917, 0.789192), (0.387108, 0.791458), (0.406529, 0.804044), (0.393002, 0.797134), (0.389467, 0.794032), (0.398685, 0.801109), (0.389126, 0.790149), (0.423893, 0.78358), (0.431297, 0.782803), (0.435197, 0.782664), (0.439856, 0.78335), (0.424313, 0.801385), (0.435636, 0.790851), (0.438104, 0.786729), (0.431113, 0.796391), (0.438151, 0.78262)]
[(0.415935, 0.785367), (0.416332, 0.802826), (0.406967, 0.785028), (0.398647, 0.786936), (0.393618, 0.788129), (0.388034, 0.790472), (0.407147, 0.802764), (0.393776, 0.796061), (0.390316, 0.792998), (0.399387, 0.799943), (0.389964, 0.789148), (0.424354, 0.782334), (0.431934, 0.781621), (0.436031, 0.781532), (0.440853, 0.782268), (0.424905, 0.800074), (0.436483, 0.789643), (0.439052, 0.785567), (0.431806, 0.795139), (0.439102, 0.781532)]
[(0.41446, 0.784232), (0.415448, 0.801378), (0.40558, 0.783975), (0.397559, 0.785924), (0.392718, 0.787209), (0.387357, 0.789659), (0.406428, 0.801323), (0.393225, 0.794926), (0.389746, 0.792045), (0.398769, 0.798615), (0.38922, 0.788325), (0.422974, 0.781287), (0.430881, 0.780706), (0.43523, 0.780715), (0.440429, 0.781443), (0.424114, 0.798728), (0.435905, 0.788613), (0.438549, 0.784657), (0.431153, 0.793934), (0.438489, 0.780753)]
[(0.415022, 0.78393), (0.415926, 0.800873), (0.406216, 0.783689), (0.39817, 0.785726), (0.393329, 0.787113), (0.387998, 0.789694), (0.406963, 0.800836), (0.393814, 0.794717), (0.390352, 0.79197), (0.399345, 0.798245), (0.389839, 0.788312), (0.423432, 0.781112), (0.431207, 0.780698), (0.435429, 0.780842), (0.440431, 0.781736), (0.424512, 0.798298), (0.436074, 0.788558), (0.438618, 0.784792), (0.431443, 0.793667), (0.438576, 0.780992)]
[(0.416134, 0.782056), (0.416822, 0.79883), (0.407251, 0.781881), (0.399115, 0.784121), (0.394175, 0.785688), (0.388601, 0.788422), (0.407913, 0.79889), (0.394689, 0.793134), (0.391095, 0.790569), (0.400313, 0.796463), (0.390573, 0.786999), (0.424566, 0.779169), (0.432324, 0.778858), (0.436553, 0.779132), (0.441542, 0.780108), (0.425353, 0.796282), (0.436996, 0.786771), (0.439628, 0.783109), (0.4323, 0.791734), (0.439679, 0.779362)]
[(0.418182, 0.780432), (0.419295, 0.797293), (0.409445, 0.7805), (0.401512, 0.782804), (0.396787, 0.784397), (0.391725, 0.787168), (0.41046, 0.797478), (0.397534, 0.791858), (0.394087, 0.789311), (0.402988, 0.795134), (0.393427, 0.785733), (0.426564, 0.777474), (0.43431, 0.776963), (0.438509, 0.777155), (0.443272, 0.778165), (0.427758, 0.794593), (0.439048, 0.784917), (0.4415, 0.781212), (0.434546, 0.789946), (0.441538, 0.777368)]
[(0.42034, 0.780011), (0.421329, 0.797243), (0.41168, 0.780106), (0.403726, 0.782463), (0.398972, 0.784074), (0.393938, 0.786835), (0.412439, 0.797467), (0.399577, 0.791694), (0.396214, 0.789041), (0.404965, 0.795082), (0.395639, 0.785398), (0.428629, 0.777), (0.436176, 0.776461), (0.44024, 0.77666), (0.444731, 0.777779), (0.429711, 0.794471), (0.440723, 0.784584), (0.443073, 0.780825), (0.436355, 0.789725), (0.443129, 0.776909)]
[(0.420782, 0.780447), (0.422373, 0.797378), (0.412076, 0.780592), (0.404185, 0.78292), (0.399484, 0.784483), (0.394406, 0.787257), (0.413482, 0.797608), (0.400403, 0.792019), (0.39688, 0.789436), (0.405947, 0.795294), (0.396143, 0.785798), (0.429141, 0.777488), (0.436953, 0.776881), (0.441264, 0.776948), (0.446251, 0.777801), (0.430787, 0.79461), (0.441981, 0.784754), (0.444452, 0.780942), (0.437493, 0.789896), (0.444416, 0.777044)]
[(0.419791, 0.780114), (0.421897, 0.796994), (0.411242, 0.780252), (0.40381, 0.78237), (0.399504, 0.78381), (0.395049, 0.78644), (0.413064, 0.797201), (0.400449, 0.791353), (0.397228, 0.788657), (0.40571, 0.794782), (0.39653, 0.785047), (0.428255, 0.777144), (0.436367, 0.776423), (0.440975, 0.776344), (0.446436, 0.776896), (0.430604, 0.794133), (0.442156, 0.783913), (0.444663, 0.780024), (0.437545, 0.789225), (0.444358, 0.776295)]
[(0.419563, 0.782186), (0.422016, 0.798394), (0.410944, 0.782226), (0.403538, 0.784104), (0.39922, 0.785323), (0.394603, 0.787728), (0.413199, 0.798493), (0.400354, 0.792642), (0.396974, 0.789966), (0.405765, 0.796032), (0.396149, 0.78641), (0.428063, 0.77927), (0.436278, 0.778428), (0.44098, 0.778151), (0.44681, 0.778356), (0.430712, 0.795595), (0.442361, 0.785479), (0.444932, 0.781559), (0.437694, 0.790752), (0.444552, 0.777905)]
[(0.41901, 0.781896), (0.421299, 0.797563), (0.410337, 0.781944), (0.402969, 0.783765), (0.398694, 0.784947), (0.394108, 0.787212), (0.412477, 0.797678), (0.399745, 0.791966), (0.39643, 0.789372), (0.405081, 0.795284), (0.395662, 0.785988), (0.427667, 0.778988), (0.436046, 0.77814), (0.440869, 0.777866), (0.44679, 0.77795), (0.43014, 0.794817), (0.442114, 0.784888), (0.444805, 0.781067), (0.437293, 0.790049), (0.444487, 0.777594)]
[(0.418003, 0.781155), (0.420163, 0.797238), (0.409295, 0.781131), (0.40189, 0.782927), (0.397619, 0.784117), (0.393071, 0.786465), (0.411311, 0.797268), (0.398608, 0.791315), (0.395335, 0.788663), (0.403906, 0.794747), (0.394576, 0.785191), (0.42671, 0.778263), (0.435128, 0.777476), (0.439926, 0.777287), (0.445695, 0.777593), (0.42911, 0.7945), (0.441123, 0.784517), (0.443771, 0.7807), (0.436324, 0.789699), (0.443498, 0.77712)]
[(0.419242, 0.783131), (0.420738, 0.797985), (0.41066, 0.783054), (0.403185, 0.784635), (0.398776, 0.785626), (0.393883, 0.787714), (0.412143, 0.798025), (0.399518, 0.792461), (0.396184, 0.789887), (0.404847, 0.795691), (0.395529, 0.786541), (0.427617, 0.780379), (0.435563, 0.779488), (0.439989, 0.779179), (0.445272, 0.779379), (0.429291, 0.795368), (0.440804, 0.785979), (0.443385, 0.782362), (0.436181, 0.790855), (0.443313, 0.778941)]
[(0.419737, 0.785903), (0.421395, 0.800606), (0.4114, 0.785789), (0.403972, 0.787281), (0.399538, 0.788114), (0.394444, 0.789966), (0.412985, 0.800616), (0.400312, 0.794926), (0.396854, 0.792265), (0.405732, 0.798223), (0.396228, 0.78885), (0.427962, 0.783054), (0.435595, 0.78195), (0.439784, 0.781421), (0.444968, 0.781269), (0.4296, 0.797897), (0.440704, 0.788213), (0.443131, 0.78444), (0.436241, 0.793258), (0.442977, 0.780943)]
[(0.420812, 0.786041), (0.422675, 0.801095), (0.412455, 0.786042), (0.405023, 0.78767), (0.400657, 0.788546), (0.395784, 0.790435), (0.414218, 0.801178), (0.401569, 0.795395), (0.398158, 0.792726), (0.406958, 0.798738), (0.397432, 0.789306), (0.428929, 0.783038), (0.436527, 0.781801), (0.440736, 0.781211), (0.445994, 0.781089), (0.43078, 0.79826), (0.441778, 0.788249), (0.444186, 0.784357), (0.43736, 0.793457), (0.444001, 0.780717)]
[(0.421492, 0.779604), (0.423212, 0.797106), (0.413065, 0.779545), (0.40542, 0.781475), (0.400882, 0.782666), (0.396009, 0.784972), (0.414352, 0.797169), (0.40152, 0.790565), (0.398212, 0.787494), (0.406889, 0.794424), (0.397668, 0.783671), (0.429656, 0.776527), (0.43721, 0.775625), (0.441423, 0.775409), (0.446485, 0.775936), (0.431582, 0.794149), (0.442593, 0.783376), (0.444881, 0.779262), (0.438233, 0.789006), (0.444566, 0.775282)]
[(0.421365, 0.779996), (0.42269, 0.797528), (0.41278, 0.780025), (0.40491, 0.78216), (0.400188, 0.783455), (0.394979, 0.785925), (0.413789, 0.797724), (0.400684, 0.791435), (0.39726, 0.788441), (0.406206, 0.795147), (0.396745, 0.784543), (0.429646, 0.776787), (0.437258, 0.775807), (0.441419, 0.775538), (0.446471, 0.775957), (0.431102, 0.794477), (0.442343, 0.783626), (0.444754, 0.779417), (0.437844, 0.7893), (0.444574, 0.775326)]
[(0.420283, 0.775609), (0.421395, 0.792435), (0.411704, 0.775503), (0.403837, 0.777394), (0.399054, 0.778596), (0.393806, 0.780965), (0.412461, 0.792507), (0.399418, 0.786295), (0.396046, 0.783357), (0.404907, 0.789941), (0.395597, 0.779634), (0.428522, 0.772656), (0.436095, 0.771831), (0.440323, 0.771654), (0.445374, 0.77222), (0.429831, 0.789665), (0.441195, 0.779434), (0.443668, 0.775428), (0.436605, 0.784813), (0.443519, 0.771552)]
[(0.420741, 0.779759), (0.421533, 0.796214), (0.412019, 0.779646), (0.403798, 0.781563), (0.39873, 0.782677), (0.392911, 0.784918), (0.412565, 0.79625), (0.399033, 0.790138), (0.395402, 0.787304), (0.404793, 0.79369), (0.394953, 0.783608), (0.429033, 0.776815), (0.436401, 0.775918), (0.440339, 0.775626), (0.445269, 0.77603), (0.429774, 0.793406), (0.440954, 0.783277), (0.443429, 0.779321), (0.436426, 0.788586), (0.443421, 0.775398)]
[(0.420195, 0.776772), (0.421169, 0.794118), (0.411255, 0.776605), (0.402944, 0.778472), (0.397797, 0.779525), (0.391822, 0.781716), (0.411895, 0.794155), (0.39807, 0.787454), (0.39437, 0.784313), (0.403934, 0.791369), (0.393978, 0.780417), (0.428758, 0.773616), (0.436426, 0.772555), (0.44064, 0.77213), (0.445932, 0.772302), (0.429768, 0.791131), (0.441371, 0.780146), (0.444, 0.775827), (0.436664, 0.785928), (0.443904, 0.77177)]
[(0.419659, 0.781189), (0.419636, 0.797771), (0.410926, 0.78092), (0.40239, 0.782763), (0.397003, 0.78376), (0.390505, 0.785745), (0.410672, 0.797668), (0.396971, 0.791251), (0.393182, 0.788292), (0.402852, 0.794953), (0.392909, 0.784549), (0.427799, 0.778354), (0.434801, 0.777543), (0.438478, 0.77728), (0.443124, 0.777675), (0.427641, 0.795053), (0.438562, 0.785028), (0.441136, 0.781052), (0.434084, 0.790311), (0.44137, 0.777054)]
[(0.419158, 0.77862), (0.419984, 0.796109), (0.41038, 0.778343), (0.402104, 0.780127), (0.39696, 0.781074), (0.390984, 0.783063), (0.41084, 0.796006), (0.397196, 0.789046), (0.393525, 0.785797), (0.40298, 0.793078), (0.393167, 0.781837), (0.427609, 0.775564), (0.435121, 0.774539), (0.439192, 0.774091), (0.444398, 0.774172), (0.428391, 0.793155), (0.439803, 0.782143), (0.442434, 0.77778), (0.435145, 0.787953), (0.442395, 0.773662)]
[(0.418335, 0.781397), (0.419148, 0.797742), (0.409842, 0.781148), (0.401834, 0.782837), (0.396925, 0.783745), (0.391223, 0.785624), (0.410445, 0.797599), (0.397343, 0.791129), (0.393762, 0.788169), (0.402929, 0.794838), (0.393282, 0.784477), (0.426488, 0.778575), (0.433793, 0.777684), (0.43774, 0.777309), (0.442834, 0.777425), (0.427217, 0.795014), (0.438252, 0.784861), (0.440825, 0.780832), (0.433747, 0.790203), (0.440872, 0.776942)]
[(0.418812, 0.776241), (0.419891, 0.794469), (0.409872, 0.776069), (0.401452, 0.778031), (0.396257, 0.779197), (0.390439, 0.781498), (0.41054, 0.794382), (0.396724, 0.787417), (0.39301, 0.784184), (0.402565, 0.791445), (0.392494, 0.780162), (0.427371, 0.773283), (0.43503, 0.772522), (0.439196, 0.772374), (0.444362, 0.773005), (0.42849, 0.79159), (0.439927, 0.780783), (0.442471, 0.776515), (0.435323, 0.786483), (0.442404, 0.772272)]
[(0.417334, 0.783322), (0.417934, 0.801234), (0.408619, 0.782932), (0.400336, 0.7846), (0.395335, 0.785548), (0.389714, 0.787586), (0.408977, 0.800892), (0.395689, 0.793553), (0.392151, 0.790335), (0.401315, 0.797709), (0.391626, 0.786336), (0.425639, 0.780518), (0.432973, 0.77978), (0.436761, 0.779652), (0.44153, 0.780216), (0.426267, 0.798476), (0.437268, 0.787886), (0.439651, 0.783757), (0.432888, 0.793441), (0.439739, 0.779491)]
[(0.418906, 0.779311), (0.420512, 0.797136), (0.409896, 0.779142), (0.401447, 0.780938), (0.396388, 0.781968), (0.39091, 0.78421), (0.411129, 0.797043), (0.39718, 0.790087), (0.393457, 0.786906), (0.403101, 0.794094), (0.392737, 0.782855), (0.427534, 0.776296), (0.435344, 0.775297), (0.439491, 0.774965), (0.444697, 0.775398), (0.429181, 0.79419), (0.440526, 0.783259), (0.442893, 0.77898), (0.436031, 0.789017), (0.442717, 0.774701)]
[(0.417206, 0.783297), (0.418089, 0.80154), (0.408511, 0.782914), (0.400146, 0.784743), (0.395087, 0.785805), (0.389384, 0.787927), (0.409106, 0.801231), (0.395584, 0.793922), (0.3919, 0.790696), (0.401364, 0.798073), (0.391338, 0.786646), (0.425403, 0.780427), (0.432649, 0.779729), (0.436434, 0.779669), (0.441138, 0.780412), (0.426238, 0.798755), (0.437048, 0.788109), (0.439353, 0.78396), (0.432734, 0.793711), (0.439393, 0.779598)]
[(0.418453, 0.779975), (0.419633, 0.797837), (0.409539, 0.779617), (0.401193, 0.781274), (0.396114, 0.782163), (0.390372, 0.784072), (0.410387, 0.797631), (0.396623, 0.790262), (0.392928, 0.786903), (0.402461, 0.794501), (0.39241, 0.782877), (0.427019, 0.776883), (0.434659, 0.775847), (0.438785, 0.775432), (0.44403, 0.775591), (0.428171, 0.7949), (0.43959, 0.783691), (0.442122, 0.779272), (0.434995, 0.789617), (0.441999, 0.775048)]
[(0.416126, 0.786084), (0.417564, 0.804136), (0.407446, 0.785682), (0.399291, 0.787176), (0.394594, 0.787949), (0.389412, 0.789712), (0.40861, 0.803693), (0.395383, 0.795939), (0.391867, 0.79259), (0.400988, 0.800286), (0.391141, 0.788577), (0.424407, 0.783181), (0.43183, 0.782218), (0.435741, 0.781893), (0.440669, 0.782316), (0.425778, 0.801287), (0.436598, 0.790287), (0.438868, 0.78599), (0.432318, 0.796078), (0.438806, 0.781625)]
[(0.415678, 0.786423), (0.416393, 0.804989), (0.406929, 0.786155), (0.398638, 0.788053), (0.393764, 0.789187), (0.388339, 0.791444), (0.407436, 0.804695), (0.394273, 0.797404), (0.390778, 0.794216), (0.399842, 0.801516), (0.390177, 0.790119), (0.424043, 0.783498), (0.4315, 0.782779), (0.43538, 0.782678), (0.440238, 0.783327), (0.424783, 0.802092), (0.435909, 0.791225), (0.438331, 0.786962), (0.431479, 0.796924), (0.438411, 0.782562)]
[(0.415485, 0.785044), (0.416575, 0.802661), (0.406916, 0.784794), (0.399008, 0.786523), (0.394412, 0.787589), (0.389404, 0.789732), (0.407731, 0.802461), (0.394927, 0.795496), (0.391629, 0.792377), (0.40026, 0.799479), (0.391093, 0.788504), (0.423745, 0.782199), (0.431244, 0.78144), (0.435227, 0.781311), (0.440096, 0.78186), (0.425036, 0.799867), (0.436065, 0.789351), (0.438379, 0.785261), (0.431754, 0.794862), (0.438242, 0.781216)]
[(0.416102, 0.78425), (0.417421, 0.800863), (0.407497, 0.78401), (0.399722, 0.78577), (0.395149, 0.786913), (0.390149, 0.78916), (0.408625, 0.800729), (0.395765, 0.794366), (0.392411, 0.791536), (0.401145, 0.798012), (0.391846, 0.787918), (0.42434, 0.781474), (0.431937, 0.780839), (0.436105, 0.780746), (0.441198, 0.781298), (0.425875, 0.798228), (0.437085, 0.788304), (0.439486, 0.784452), (0.432657, 0.793506), (0.439243, 0.780709)]
[(0.41664, 0.784501), (0.417868, 0.800465), (0.408089, 0.784096), (0.400432, 0.78576), (0.39586, 0.786883), (0.390689, 0.789079), (0.409148, 0.80028), (0.396349, 0.794095), (0.392981, 0.791358), (0.401735, 0.797645), (0.392549, 0.787878), (0.424825, 0.781837), (0.432424, 0.781347), (0.436715, 0.781292), (0.442037, 0.781777), (0.426309, 0.798026), (0.437707, 0.788498), (0.44026, 0.784784), (0.433144, 0.793521), (0.43995, 0.781265)]
[(0.417698, 0.785887), (0.418632, 0.803294), (0.409108, 0.785667), (0.401263, 0.787682), (0.396586, 0.789036), (0.391397, 0.791592), (0.409863, 0.803242), (0.39701, 0.796867), (0.393653, 0.793999), (0.402387, 0.80055), (0.3932, 0.790225), (0.425823, 0.782974), (0.433272, 0.782402), (0.437375, 0.782425), (0.442317, 0.783237), (0.427024, 0.800578), (0.438191, 0.790414), (0.440613, 0.786461), (0.43377, 0.795746), (0.440443, 0.782535)]
[(0.418918, 0.78808), (0.419755, 0.805053), (0.410324, 0.787929), (0.402416, 0.789937), (0.397686, 0.791282), (0.392425, 0.793835), (0.410962, 0.805091), (0.398026, 0.799021), (0.39466, 0.796215), (0.403463, 0.802564), (0.394231, 0.792463), (0.427096, 0.785148), (0.434503, 0.784513), (0.438505, 0.784513), (0.443366, 0.785267), (0.428166, 0.802335), (0.439319, 0.792382), (0.441691, 0.788483), (0.434904, 0.797603), (0.441514, 0.784574)]
[(0.418623, 0.787598), (0.419679, 0.803713), (0.410162, 0.787496), (0.402575, 0.789319), (0.398069, 0.790497), (0.393119, 0.79275), (0.411084, 0.803732), (0.398584, 0.797733), (0.395331, 0.795015), (0.403806, 0.801214), (0.394806, 0.791517), (0.426812, 0.784705), (0.434293, 0.783941), (0.438392, 0.783799), (0.443418, 0.784245), (0.428016, 0.801013), (0.439201, 0.79118), (0.441655, 0.787375), (0.43474, 0.796309), (0.441487, 0.783708)]
[(0.420045, 0.782249), (0.421284, 0.796751), (0.411576, 0.782381), (0.403997, 0.784209), (0.399464, 0.785377), (0.394588, 0.787495), (0.412671, 0.796981), (0.400218, 0.79183), (0.396903, 0.789465), (0.405447, 0.794854), (0.396278, 0.786357), (0.428159, 0.779426), (0.435635, 0.778522), (0.439793, 0.778274), (0.444767, 0.778573), (0.429479, 0.794108), (0.440478, 0.784924), (0.442962, 0.781437), (0.436052, 0.789677), (0.442868, 0.778121)]
[(0.41781, 0.778962), (0.419595, 0.793664), (0.409501, 0.778956), (0.402181, 0.780562), (0.397862, 0.781574), (0.393391, 0.783516), (0.410986, 0.793698), (0.398742, 0.788077), (0.395595, 0.785566), (0.403816, 0.791319), (0.394918, 0.782442), (0.425988, 0.776303), (0.433657, 0.775492), (0.438063, 0.77523), (0.443492, 0.77551), (0.427984, 0.791095), (0.439203, 0.781801), (0.441682, 0.778323), (0.43472, 0.786616), (0.441363, 0.775064)]
[(0.417556, 0.777029), (0.419687, 0.793195), (0.408871, 0.777009), (0.401365, 0.778721), (0.396904, 0.779792), (0.392045, 0.781952), (0.410891, 0.79329), (0.397963, 0.787132), (0.394507, 0.784295), (0.403427, 0.790705), (0.393738, 0.780739), (0.426056, 0.773904), (0.434157, 0.772835), (0.438827, 0.772404), (0.44468, 0.772494), (0.428341, 0.790229), (0.440026, 0.779687), (0.442689, 0.775721), (0.435311, 0.785142), (0.442372, 0.772085)]
[(0.41927, 0.780113), (0.421278, 0.798491), (0.410403, 0.780232), (0.402333, 0.78246), (0.397561, 0.783876), (0.39257, 0.786634), (0.412117, 0.798694), (0.398616, 0.792184), (0.395031, 0.78916), (0.404314, 0.795983), (0.394192, 0.785113), (0.427778, 0.776779), (0.435678, 0.77577), (0.439995, 0.775556), (0.445199, 0.776311), (0.429952, 0.795249), (0.441217, 0.784008), (0.443522, 0.779778), (0.43679, 0.78983), (0.443246, 0.7755)]
[(0.418489, 0.777681), (0.420677, 0.795728), (0.409606, 0.77775), (0.401803, 0.77987), (0.39721, 0.781263), (0.392431, 0.783932), (0.411481, 0.795937), (0.398184, 0.789375), (0.394757, 0.786387), (0.403745, 0.793203), (0.394028, 0.782483), (0.426988, 0.774318), (0.434971, 0.773312), (0.439461, 0.773022), (0.444941, 0.773515), (0.429506, 0.792493), (0.440913, 0.781119), (0.443276, 0.7769), (0.43644, 0.786987), (0.442807, 0.772893)]
[(0.41897, 0.77827), (0.420777, 0.794193), (0.410302, 0.778299), (0.402622, 0.780115), (0.398089, 0.781289), (0.393351, 0.783613), (0.411821, 0.794358), (0.398898, 0.788552), (0.39558, 0.785849), (0.404303, 0.79195), (0.394919, 0.782335), (0.427268, 0.775325), (0.435021, 0.774444), (0.439312, 0.77421), (0.444506, 0.774739), (0.429414, 0.791374), (0.440604, 0.78146), (0.442906, 0.777743), (0.43621, 0.786592), (0.44251, 0.77413)]
[(0.416779, 0.778206), (0.418429, 0.793755), (0.408183, 0.778062), (0.400619, 0.779748), (0.396146, 0.780885), (0.391315, 0.78312), (0.409593, 0.793748), (0.396873, 0.787936), (0.393576, 0.785289), (0.402204, 0.791301), (0.392981, 0.7819), (0.425131, 0.775502), (0.432984, 0.774875), (0.437403, 0.774826), (0.442676, 0.775486), (0.427088, 0.791231), (0.438527, 0.781891), (0.440966, 0.778346), (0.433992, 0.78675), (0.440669, 0.774857)]
[(0.417077, 0.782068), (0.418484, 0.797456), (0.408763, 0.781967), (0.4013, 0.783709), (0.396867, 0.784913), (0.392107, 0.787247), (0.409813, 0.797487), (0.397382, 0.791894), (0.394214, 0.789352), (0.402554, 0.795141), (0.393717, 0.785992), (0.425216, 0.779473), (0.432691, 0.778941), (0.4368, 0.778996), (0.441551, 0.77974), (0.42699, 0.794983), (0.437908, 0.78592), (0.440055, 0.782507), (0.433688, 0.790619), (0.439783, 0.779084)]
[(0.417743, 0.783354), (0.419484, 0.799068), (0.409358, 0.783254), (0.401962, 0.784985), (0.397548, 0.786144), (0.392663, 0.788408), (0.41083, 0.799081), (0.398252, 0.79324), (0.394943, 0.790599), (0.403539, 0.796615), (0.394363, 0.787179), (0.425931, 0.780581), (0.433557, 0.779902), (0.43786, 0.779829), (0.443052, 0.780378), (0.427948, 0.796471), (0.439071, 0.786951), (0.441388, 0.783333), (0.4347, 0.791894), (0.441056, 0.779807)]
[(0.418471, 0.783707), (0.420049, 0.799476), (0.410195, 0.783627), (0.402942, 0.785349), (0.398608, 0.786498), (0.393849, 0.788708), (0.411504, 0.799516), (0.399183, 0.793627), (0.396004, 0.79093), (0.404339, 0.797052), (0.39551, 0.787506), (0.426597, 0.7809), (0.434177, 0.78018), (0.438513, 0.780068), (0.443779, 0.780597), (0.428451, 0.796834), (0.439661, 0.7872), (0.442076, 0.783555), (0.435198, 0.792199), (0.441738, 0.780033)]
[(0.41855, 0.782805), (0.42068, 0.797927), (0.41017, 0.782646), (0.403069, 0.784167), (0.39884, 0.785156), (0.394122, 0.787089), (0.41214, 0.797898), (0.399741, 0.791965), (0.396455, 0.789291), (0.404966, 0.795383), (0.395815, 0.786023), (0.426882, 0.77998), (0.434841, 0.779165), (0.439553, 0.778884), (0.445555, 0.778992), (0.429227, 0.795329), (0.440933, 0.78566), (0.443594, 0.781982), (0.4362, 0.790687), (0.443141, 0.77865)]
[(0.420876, 0.784281), (0.423307, 0.798791), (0.412785, 0.784334), (0.405873, 0.785981), (0.401797, 0.787021), (0.397295, 0.788966), (0.41501, 0.798927), (0.402898, 0.793548), (0.399644, 0.791054), (0.408021, 0.796684), (0.398917, 0.787902), (0.428938, 0.781455), (0.436652, 0.780519), (0.441238, 0.78012), (0.44709, 0.780046), (0.431509, 0.79615), (0.442723, 0.786667), (0.44524, 0.783017), (0.438196, 0.791604), (0.444721, 0.779783)]
[(0.422742, 0.785281), (0.425036, 0.799107), (0.414559, 0.785329), (0.407626, 0.786806), (0.403519, 0.787689), (0.398885, 0.789401), (0.416718, 0.799267), (0.404576, 0.793967), (0.401284, 0.791482), (0.409721, 0.79707), (0.400587, 0.788435), (0.430907, 0.782423), (0.438724, 0.781326), (0.443351, 0.780773), (0.449241, 0.780422), (0.433326, 0.796458), (0.444695, 0.78703), (0.447308, 0.783396), (0.440086, 0.791927), (0.446849, 0.780291)]
[(0.424957, 0.786552), (0.427277, 0.800513), (0.416628, 0.786771), (0.409467, 0.788614), (0.405236, 0.789808), (0.400581, 0.791924), (0.418858, 0.800845), (0.406421, 0.796052), (0.403042, 0.79382), (0.411717, 0.798878), (0.402248, 0.790799), (0.433105, 0.78364), (0.440868, 0.782646), (0.445442, 0.782242), (0.451251, 0.78214), (0.435507, 0.797858), (0.446804, 0.788618), (0.449352, 0.78506), (0.442242, 0.79341), (0.448919, 0.7819)]
[(0.426749, 0.787168), (0.428813, 0.801179), (0.418256, 0.787411), (0.410833, 0.789156), (0.406403, 0.790191), (0.401452, 0.792156), (0.420176, 0.801532), (0.407422, 0.796478), (0.403966, 0.794123), (0.412835, 0.799456), (0.403231, 0.791057), (0.434965, 0.784159), (0.442636, 0.782913), (0.446996, 0.782351), (0.452489, 0.782181), (0.437063, 0.798353), (0.448129, 0.788783), (0.450605, 0.78516), (0.443689, 0.793717), (0.45032, 0.781913)]
[(0.427479, 0.789675), (0.429775, 0.803962), (0.418829, 0.790011), (0.411189, 0.792034), (0.406618, 0.793309), (0.401548, 0.795637), (0.421, 0.804352), (0.407855, 0.799571), (0.404216, 0.797441), (0.413463, 0.802366), (0.4033, 0.794396), (0.435768, 0.786702), (0.443565, 0.785653), (0.447933, 0.785273), (0.45339, 0.785265), (0.438187, 0.801142), (0.449239, 0.791705), (0.451578, 0.788187), (0.444899, 0.796534), (0.451262, 0.78494)]
[(0.430097, 0.792573), (0.432005, 0.80632), (0.421464, 0.792957), (0.413678, 0.795026), (0.408916, 0.796298), (0.403457, 0.79863), (0.42336, 0.806768), (0.410029, 0.802419), (0.406241, 0.800389), (0.415807, 0.804979), (0.405364, 0.797385), (0.438279, 0.789604), (0.445845, 0.78851), (0.450087, 0.788039), (0.455621, 0.787944), (0.440178, 0.803547), (0.451255, 0.794421), (0.453695, 0.790902), (0.4468, 0.799121), (0.453423, 0.787651)]
[(0.432592, 0.793132), (0.434015, 0.805948), (0.423968, 0.793575), (0.416166, 0.795562), (0.411331, 0.796752), (0.405699, 0.79894), (0.425421, 0.806563), (0.412171, 0.802598), (0.408422, 0.800636), (0.417938, 0.804998), (0.407707, 0.797762), (0.440645, 0.790082), (0.447996, 0.78877), (0.452112, 0.788118), (0.457523, 0.787784), (0.442072, 0.803124), (0.453078, 0.794132), (0.455598, 0.790674), (0.448586, 0.79875), (0.455375, 0.787597)]
[(0.432698, 0.792106), (0.434181, 0.80572), (0.424028, 0.792549), (0.416186, 0.79467), (0.411369, 0.795998), (0.405873, 0.798371), (0.42543, 0.806326), (0.412132, 0.802172), (0.408468, 0.800123), (0.417871, 0.804692), (0.407822, 0.797112), (0.440861, 0.789058), (0.448309, 0.787888), (0.452491, 0.787406), (0.457824, 0.787391), (0.442379, 0.802887), (0.45349, 0.793742), (0.455966, 0.790266), (0.448986, 0.798443), (0.455726, 0.787055)]
[(0.432163, 0.795062), (0.433663, 0.808896), (0.423638, 0.795445), (0.415983, 0.797487), (0.411305, 0.798766), (0.405929, 0.801149), (0.425154, 0.809364), (0.412139, 0.805037), (0.408514, 0.802947), (0.417759, 0.807616), (0.407799, 0.799876), (0.440354, 0.792096), (0.447915, 0.791005), (0.452131, 0.790564), (0.457488, 0.7905), (0.441866, 0.806109), (0.45302, 0.796965), (0.455522, 0.793449), (0.448513, 0.801665), (0.455376, 0.790193)]
[(0.432769, 0.795508), (0.434755, 0.809403), (0.424366, 0.795908), (0.416983, 0.797887), (0.412559, 0.799108), (0.407578, 0.801431), (0.426384, 0.809843), (0.413667, 0.805363), (0.410128, 0.803254), (0.419134, 0.808014), (0.409264, 0.800184), (0.440968, 0.792486), (0.448679, 0.791322), (0.45297, 0.790821), (0.458405, 0.7906), (0.443013, 0.806537), (0.454103, 0.797171), (0.456505, 0.793605), (0.449679, 0.801964), (0.456257, 0.790364)]
[(0.434748, 0.794532), (0.43669, 0.808141), (0.426109, 0.795031), (0.418541, 0.797032), (0.413997, 0.798246), (0.408897, 0.800536), (0.42805, 0.808762), (0.415046, 0.804448), (0.411456, 0.802344), (0.420637, 0.807051), (0.41064, 0.799307), (0.443075, 0.791349), (0.450949, 0.789961), (0.455347, 0.789295), (0.460854, 0.788865), (0.445142, 0.805122), (0.456464, 0.795507), (0.458959, 0.791879), (0.451922, 0.800413), (0.458705, 0.78871)]
[(0.43534, 0.794424), (0.437146, 0.808381), (0.426653, 0.794881), (0.419013, 0.796816), (0.414388, 0.797953), (0.409236, 0.800162), (0.428487, 0.808898), (0.415439, 0.804233), (0.411835, 0.802031), (0.42102, 0.807007), (0.410974, 0.79894), (0.443727, 0.791227), (0.45164, 0.789811), (0.456042, 0.78914), (0.461643, 0.788762), (0.445582, 0.80532), (0.456966, 0.795507), (0.459591, 0.791842), (0.452364, 0.800504), (0.459453, 0.788551)]
[(0.436364, 0.793843), (0.438205, 0.807231), (0.427866, 0.794305), (0.420467, 0.796162), (0.416023, 0.797254), (0.41117, 0.799409), (0.429804, 0.807783), (0.417119, 0.803354), (0.413658, 0.801223), (0.422547, 0.806004), (0.412782, 0.798213), (0.44458, 0.790657), (0.452386, 0.789179), (0.456786, 0.788426), (0.462475, 0.787954), (0.446475, 0.804208), (0.457793, 0.794555), (0.460422, 0.790963), (0.453189, 0.799471), (0.460226, 0.787792)]
[(0.436804, 0.793351), (0.438566, 0.807059), (0.428356, 0.793794), (0.421028, 0.795668), (0.416595, 0.796745), (0.41166, 0.798873), (0.430238, 0.80761), (0.417623, 0.802979), (0.414164, 0.80076), (0.423024, 0.80575), (0.413335, 0.797681), (0.444974, 0.790047), (0.452711, 0.788508), (0.457078, 0.787693), (0.462795, 0.787074), (0.446774, 0.803933), (0.458026, 0.793941), (0.460703, 0.790207), (0.453433, 0.799029), (0.46051, 0.786979)]
