[(0.453312, 0.713452), (0.453403, 0.746923), (0.440857, 0.710049), (0.428433, 0.713681), (0.420211, 0.718583), (0.410665, 0.728746), (0.441864, 0.745821), (0.422095, 0.737353), (0.415611, 0.733189), (0.43125, 0.742279), (0.41427, 0.723435), (0.46502, 0.709764), (0.475766, 0.712967), (0.482398, 0.717228), (0.489246, 0.726367), (0.464179, 0.745246), (0.480887, 0.735639), (0.485754, 0.730974), (0.473574, 0.741179), (0.48696, 0.721497)]
[(0.452238, 0.695351), (0.452805, 0.732526), (0.439889, 0.69288), (0.42795, 0.70014), (0.420001, 0.707952), (0.41083, 0.721114), (0.441875, 0.732301), (0.422509, 0.726792), (0.415931, 0.724312), (0.431565, 0.730158), (0.414319, 0.714674), (0.463932, 0.691384), (0.474969, 0.6969), (0.481756, 0.703416), (0.488721, 0.71477), (0.463424, 0.73058), (0.479953, 0.721929), (0.484925, 0.718573), (0.472677, 0.726609), (0.486269, 0.709092)]
[(0.454005, 0.678318), (0.456053, 0.723711), (0.441434, 0.67637), (0.429529, 0.685531), (0.421717, 0.695089), (0.412687, 0.710866), (0.44508, 0.724048), (0.425111, 0.717975), (0.418085, 0.714896), (0.434558, 0.721921), (0.416054, 0.703235), (0.465482, 0.673902), (0.476791, 0.679981), (0.483905, 0.687378), (0.490715, 0.700752), (0.466656, 0.720988), (0.482506, 0.709567), (0.48722, 0.70533), (0.475656, 0.715691), (0.488433, 0.694093)]
[(0.453534, 0.666928), (0.456101, 0.720693), (0.440915, 0.665208), (0.429605, 0.674032), (0.422169, 0.683128), (0.412949, 0.699192), (0.444702, 0.721343), (0.424889, 0.712287), (0.418151, 0.706244), (0.434116, 0.718447), (0.416536, 0.691116), (0.465478, 0.66195), (0.477557, 0.666912), (0.485626, 0.673439), (0.494239, 0.687062), (0.467847, 0.716842), (0.485367, 0.701011), (0.49064, 0.694272), (0.477737, 0.709557), (0.49115, 0.679925)]
[(0.452791, 0.65712), (0.457476, 0.713328), (0.441187, 0.656399), (0.431263, 0.664998), (0.425095, 0.674165), (0.418229, 0.691943), (0.446365, 0.713998), (0.428213, 0.70519), (0.422451, 0.69895), (0.436534, 0.711092), (0.420641, 0.682644), (0.464176, 0.652473), (0.476706, 0.657462), (0.485738, 0.663393), (0.496765, 0.678014), (0.469299, 0.709237), (0.487611, 0.692932), (0.493266, 0.685538), (0.479428, 0.701861), (0.492593, 0.669904)]
[(0.459234, 0.65669), (0.467682, 0.713103), (0.44888, 0.658008), (0.440686, 0.667338), (0.436232, 0.676636), (0.432426, 0.692836), (0.4571, 0.713059), (0.440804, 0.703327), (0.435983, 0.698201), (0.448125, 0.709244), (0.433527, 0.684381), (0.469497, 0.652557), (0.481669, 0.656885), (0.491089, 0.661849), (0.503304, 0.674316), (0.478658, 0.709411), (0.495874, 0.691881), (0.500748, 0.682913), (0.488247, 0.702041), (0.498517, 0.667218)]
[(0.450493, 0.65723), (0.458269, 0.719666), (0.438504, 0.657325), (0.428521, 0.666857), (0.422569, 0.676482), (0.416426, 0.694538), (0.446254, 0.720372), (0.426825, 0.708682), (0.420767, 0.701697), (0.435705, 0.716178), (0.41845, 0.685067), (0.461526, 0.65184), (0.473582, 0.65625), (0.482382, 0.661444), (0.494019, 0.674862), (0.470048, 0.714385), (0.486882, 0.693573), (0.491438, 0.683897), (0.479691, 0.705097), (0.489244, 0.66734)]
[(0.445297, 0.666027), (0.447629, 0.724473), (0.43155, 0.66531), (0.418202, 0.6741), (0.409473, 0.68347), (0.399884, 0.702702), (0.434545, 0.726018), (0.41249, 0.716157), (0.405111, 0.709745), (0.422733, 0.722675), (0.403101, 0.692486), (0.457002, 0.659412), (0.468152, 0.662106), (0.475595, 0.667911), (0.484095, 0.685976), (0.459263, 0.719), (0.475904, 0.701058), (0.480877, 0.693644), (0.46869, 0.710529), (0.481017, 0.675803)]
[(0.448632, 0.669127), (0.451694, 0.730523), (0.43591, 0.66937), (0.424607, 0.678719), (0.417692, 0.689001), (0.410666, 0.708847), (0.439499, 0.731601), (0.42064, 0.721989), (0.414746, 0.715754), (0.429175, 0.728258), (0.41284, 0.698361), (0.461057, 0.663555), (0.47445, 0.667467), (0.48435, 0.673312), (0.496791, 0.689599), (0.464833, 0.725232), (0.485669, 0.706579), (0.492459, 0.698243), (0.47619, 0.716535), (0.492063, 0.68038)]
[(0.448253, 0.666867), (0.45439, 0.72824), (0.435398, 0.66729), (0.424478, 0.676967), (0.418234, 0.687873), (0.412562, 0.708616), (0.441631, 0.728763), (0.422476, 0.719341), (0.416637, 0.714117), (0.431057, 0.725173), (0.414049, 0.697672), (0.461318, 0.661534), (0.476304, 0.66617), (0.487667, 0.672194), (0.502334, 0.688506), (0.468473, 0.723448), (0.490909, 0.704944), (0.497986, 0.696583), (0.480757, 0.715016), (0.496678, 0.679197)]
[(0.4543, 0.669437), (0.46422, 0.73523), (0.442007, 0.669508), (0.432123, 0.677931), (0.42666, 0.68762), (0.422587, 0.706417), (0.451501, 0.733928), (0.432581, 0.719639), (0.426805, 0.712906), (0.441057, 0.727967), (0.423417, 0.696294), (0.46697, 0.664245), (0.482245, 0.667656), (0.494205, 0.671703), (0.510063, 0.683303), (0.478001, 0.7307), (0.499867, 0.707163), (0.506365, 0.694615), (0.490067, 0.720869), (0.503893, 0.676096)]
[(0.449812, 0.672382), (0.455147, 0.737238), (0.437064, 0.67284), (0.426231, 0.682037), (0.419791, 0.692045), (0.413385, 0.71128), (0.442523, 0.73736), (0.423374, 0.725844), (0.417511, 0.718685), (0.431957, 0.733054), (0.415395, 0.701101), (0.462756, 0.668056), (0.477171, 0.672761), (0.487876, 0.678734), (0.501083, 0.694201), (0.469107, 0.732507), (0.490704, 0.712915), (0.497228, 0.703499), (0.481061, 0.723676), (0.496076, 0.685476)]
[(0.463903, 0.666731), (0.469861, 0.736752), (0.449681, 0.666682), (0.436325, 0.676135), (0.427459, 0.686047), (0.417136, 0.704864), (0.455268, 0.736623), (0.430893, 0.722061), (0.422812, 0.713554), (0.442168, 0.731187), (0.420928, 0.694826), (0.476868, 0.66255), (0.490066, 0.666549), (0.49948, 0.671872), (0.510727, 0.684489), (0.483818, 0.731788), (0.503225, 0.708261), (0.508122, 0.696083), (0.495001, 0.721737), (0.50644, 0.677249)]
[(0.456275, 0.684285), (0.458436, 0.737797), (0.4432, 0.684018), (0.43128, 0.693935), (0.423644, 0.703991), (0.414672, 0.721639), (0.446043, 0.738785), (0.425756, 0.731608), (0.41936, 0.726946), (0.435006, 0.736484), (0.417942, 0.712734), (0.469146, 0.678813), (0.482608, 0.683794), (0.49182, 0.690428), (0.502214, 0.706145), (0.471447, 0.733779), (0.491979, 0.719319), (0.49817, 0.712835), (0.482827, 0.727149), (0.498545, 0.69756)]
[(0.460576, 0.687303), (0.461001, 0.736416), (0.446746, 0.687254), (0.433227, 0.697709), (0.424251, 0.707793), (0.413567, 0.724857), (0.448273, 0.738019), (0.426255, 0.733046), (0.418993, 0.729293), (0.436445, 0.736728), (0.417486, 0.716543), (0.473686, 0.682265), (0.486605, 0.687196), (0.494715, 0.694034), (0.5024, 0.709153), (0.473613, 0.732581), (0.492894, 0.719611), (0.498555, 0.71443), (0.484425, 0.726444), (0.50017, 0.701182)]
[(0.464292, 0.683222), (0.464263, 0.734314), (0.4498, 0.682444), (0.435395, 0.692424), (0.425577, 0.701998), (0.413602, 0.718734), (0.450987, 0.735514), (0.427493, 0.728461), (0.419551, 0.723831), (0.438416, 0.733333), (0.41816, 0.710464), (0.477536, 0.67759), (0.489983, 0.682013), (0.497423, 0.688893), (0.503777, 0.704776), (0.476689, 0.730571), (0.495144, 0.716259), (0.500278, 0.710424), (0.487165, 0.724007), (0.50209, 0.696343)]
[(0.464965, 0.685787), (0.4643, 0.733168), (0.450797, 0.684953), (0.43641, 0.693934), (0.426583, 0.702637), (0.414641, 0.718315), (0.451118, 0.734302), (0.428135, 0.727911), (0.420392, 0.723383), (0.438782, 0.732415), (0.419129, 0.710423), (0.478145, 0.680406), (0.490494, 0.68419), (0.498104, 0.690367), (0.505139, 0.705905), (0.476702, 0.729691), (0.495749, 0.716784), (0.501305, 0.711354), (0.487393, 0.723809), (0.503153, 0.697473)]
[(0.461839, 0.684462), (0.46337, 0.736725), (0.447822, 0.683275), (0.434602, 0.692081), (0.425786, 0.700694), (0.415093, 0.716223), (0.450362, 0.7376), (0.428038, 0.72841), (0.420603, 0.722451), (0.438317, 0.734601), (0.41918, 0.708273), (0.474986, 0.678096), (0.487564, 0.68144), (0.495631, 0.686875), (0.504164, 0.700693), (0.475906, 0.732686), (0.495032, 0.715647), (0.500465, 0.707885), (0.486735, 0.725163), (0.501207, 0.693001)]
[(0.453587, 0.685122), (0.4563, 0.745299), (0.440794, 0.684288), (0.429561, 0.693267), (0.422461, 0.702447), (0.41421, 0.719495), (0.444366, 0.74625), (0.424981, 0.73513), (0.418796, 0.727496), (0.433796, 0.742633), (0.417244, 0.710601), (0.466091, 0.678798), (0.479041, 0.682366), (0.488065, 0.687931), (0.498657, 0.702417), (0.468917, 0.740105), (0.488598, 0.720139), (0.494666, 0.711166), (0.479818, 0.731028), (0.494734, 0.694308)]
[(0.44958, 0.67864), (0.452669, 0.743505), (0.436947, 0.678159), (0.425971, 0.686584), (0.419139, 0.69508), (0.411243, 0.711853), (0.440779, 0.744065), (0.421815, 0.730881), (0.415745, 0.72153), (0.430459, 0.739643), (0.414136, 0.702882), (0.461793, 0.673441), (0.474705, 0.677343), (0.484005, 0.682812), (0.495304, 0.697568), (0.465499, 0.738391), (0.485296, 0.71751), (0.491399, 0.707608), (0.476395, 0.729048), (0.490983, 0.689334)]
[(0.45426, 0.683008), (0.459388, 0.748388), (0.441472, 0.683066), (0.430684, 0.692614), (0.424174, 0.70246), (0.417276, 0.720788), (0.44692, 0.748715), (0.427503, 0.736207), (0.421564, 0.728631), (0.436239, 0.744145), (0.41963, 0.711091), (0.466762, 0.677496), (0.480461, 0.681355), (0.490457, 0.686686), (0.502634, 0.700413), (0.47266, 0.743057), (0.493083, 0.721003), (0.499086, 0.710476), (0.484009, 0.733288), (0.498016, 0.692581)]
[(0.453242, 0.68182), (0.45684, 0.747932), (0.440078, 0.681618), (0.428576, 0.691222), (0.421373, 0.701145), (0.413217, 0.719631), (0.444295, 0.748833), (0.424272, 0.736716), (0.417859, 0.728364), (0.433392, 0.744794), (0.416086, 0.709863), (0.465954, 0.675945), (0.479559, 0.679807), (0.489461, 0.685366), (0.501631, 0.700081), (0.47036, 0.74219), (0.491215, 0.720326), (0.497619, 0.710202), (0.481877, 0.732289), (0.496993, 0.69179)]
[(0.449888, 0.679682), (0.453802, 0.746177), (0.436498, 0.679195), (0.424909, 0.68772), (0.417807, 0.697035), (0.410317, 0.715005), (0.440905, 0.746523), (0.420947, 0.733122), (0.414699, 0.724216), (0.429951, 0.741819), (0.412783, 0.705366), (0.463191, 0.674233), (0.47753, 0.6782), (0.488084, 0.683553), (0.501473, 0.698111), (0.468117, 0.740685), (0.490312, 0.718808), (0.497157, 0.708462), (0.480342, 0.730821), (0.496246, 0.689833)]
[(0.460683, 0.685611), (0.465185, 0.743479), (0.447041, 0.684811), (0.435493, 0.693363), (0.428089, 0.702005), (0.419582, 0.717665), (0.452288, 0.74404), (0.431202, 0.73183), (0.424448, 0.724817), (0.440812, 0.73969), (0.422756, 0.709472), (0.473804, 0.678343), (0.487214, 0.680587), (0.496712, 0.684319), (0.508588, 0.694712), (0.478416, 0.738205), (0.498827, 0.715413), (0.504766, 0.704659), (0.489838, 0.728261), (0.503912, 0.688502)]
[(0.452715, 0.679667), (0.456407, 0.745774), (0.438574, 0.679103), (0.426069, 0.688452), (0.418275, 0.698373), (0.409724, 0.717458), (0.443163, 0.746765), (0.421756, 0.734678), (0.414792, 0.726393), (0.43152, 0.742795), (0.412691, 0.707381), (0.466111, 0.673598), (0.479986, 0.677411), (0.489745, 0.683146), (0.501443, 0.698133), (0.470276, 0.740185), (0.49118, 0.718479), (0.497436, 0.708365), (0.48195, 0.730415), (0.496977, 0.689727)]
[(0.44994, 0.686626), (0.452118, 0.747118), (0.436111, 0.685107), (0.423131, 0.694605), (0.414947, 0.704825), (0.406162, 0.723649), (0.439257, 0.747637), (0.418189, 0.737636), (0.411307, 0.731013), (0.427838, 0.74431), (0.409174, 0.713959), (0.463101, 0.681273), (0.476858, 0.687143), (0.48622, 0.694545), (0.496667, 0.711195), (0.465318, 0.743043), (0.485817, 0.726565), (0.492254, 0.719049), (0.476692, 0.735645), (0.492942, 0.702315)]
[(0.446801, 0.682147), (0.447625, 0.731263), (0.432109, 0.680252), (0.417692, 0.689575), (0.408625, 0.700062), (0.399703, 0.720278), (0.434501, 0.731998), (0.412306, 0.727979), (0.405102, 0.72473), (0.42256, 0.730962), (0.402509, 0.710485), (0.460502, 0.677697), (0.47398, 0.683908), (0.482244, 0.692033), (0.490435, 0.710495), (0.459993, 0.729163), (0.47968, 0.720224), (0.485943, 0.715876), (0.470861, 0.725356), (0.487961, 0.701122)]
[(0.450062, 0.686481), (0.451311, 0.740787), (0.436061, 0.684706), (0.422621, 0.694091), (0.414039, 0.703849), (0.404778, 0.721398), (0.438364, 0.741145), (0.416941, 0.733068), (0.410006, 0.727678), (0.426747, 0.738499), (0.408014, 0.712686), (0.46331, 0.681367), (0.476796, 0.687454), (0.48562, 0.694927), (0.495045, 0.711328), (0.464036, 0.737815), (0.484241, 0.724632), (0.490577, 0.718186), (0.475233, 0.73216), (0.491831, 0.702816)]
[(0.445162, 0.690825), (0.446993, 0.745866), (0.43146, 0.688242), (0.418294, 0.696795), (0.410022, 0.706472), (0.401354, 0.724462), (0.434311, 0.745872), (0.413166, 0.736363), (0.406334, 0.730643), (0.422901, 0.742529), (0.404313, 0.715319), (0.457863, 0.685427), (0.470494, 0.691251), (0.478496, 0.698871), (0.486833, 0.715954), (0.459173, 0.742771), (0.477567, 0.728774), (0.483002, 0.722385), (0.46957, 0.736634), (0.483957, 0.706994)]
[(0.446289, 0.692503), (0.448562, 0.746765), (0.43274, 0.690367), (0.419794, 0.69879), (0.41146, 0.707987), (0.402205, 0.725176), (0.435953, 0.746787), (0.414793, 0.73752), (0.40767, 0.73179), (0.424601, 0.743477), (0.405522, 0.716423), (0.458841, 0.687071), (0.471656, 0.692309), (0.480122, 0.699151), (0.489182, 0.715053), (0.460761, 0.743404), (0.479279, 0.728949), (0.485037, 0.722238), (0.471161, 0.736969), (0.486013, 0.706611)]
[(0.446921, 0.691684), (0.449317, 0.750283), (0.434088, 0.690268), (0.422122, 0.699142), (0.414464, 0.708759), (0.405942, 0.726561), (0.437339, 0.750674), (0.417603, 0.741202), (0.411038, 0.734453), (0.426696, 0.747533), (0.408976, 0.71751), (0.459325, 0.686236), (0.472527, 0.691439), (0.481736, 0.698417), (0.492255, 0.715105), (0.461705, 0.746386), (0.481355, 0.730872), (0.487764, 0.723379), (0.472531, 0.739407), (0.488487, 0.706214)]
[(0.44712, 0.690815), (0.448242, 0.750891), (0.433885, 0.689894), (0.421126, 0.698501), (0.413059, 0.707824), (0.404423, 0.725725), (0.435836, 0.75114), (0.415852, 0.74074), (0.409333, 0.733764), (0.424987, 0.747461), (0.40741, 0.716473), (0.459731, 0.686501), (0.472704, 0.69172), (0.481506, 0.698852), (0.490838, 0.715927), (0.460882, 0.746989), (0.480333, 0.731539), (0.486577, 0.724314), (0.471688, 0.739939), (0.48772, 0.706843)]
[(0.445115, 0.6926), (0.446877, 0.749933), (0.431958, 0.690652), (0.419603, 0.699096), (0.411925, 0.708349), (0.403904, 0.725435), (0.434618, 0.749614), (0.414953, 0.739016), (0.408665, 0.73258), (0.423904, 0.745717), (0.406624, 0.716673), (0.457919, 0.688005), (0.471442, 0.694342), (0.480607, 0.701731), (0.490708, 0.718024), (0.459603, 0.746621), (0.479657, 0.732001), (0.486131, 0.725294), (0.4707, 0.740054), (0.487166, 0.709473)]
[(0.446045, 0.701001), (0.448147, 0.749977), (0.432618, 0.698749), (0.420083, 0.707303), (0.412115, 0.716603), (0.403199, 0.733113), (0.435966, 0.750169), (0.41538, 0.743073), (0.40849, 0.738564), (0.424927, 0.747747), (0.406417, 0.724809), (0.458758, 0.695439), (0.47185, 0.700956), (0.480579, 0.708125), (0.490232, 0.723704), (0.460301, 0.746975), (0.479555, 0.735029), (0.485707, 0.729588), (0.470978, 0.741598), (0.486741, 0.715572)]
[(0.44208, 0.703286), (0.444841, 0.750955), (0.428721, 0.70143), (0.41642, 0.710654), (0.408832, 0.720753), (0.400908, 0.738052), (0.432855, 0.751049), (0.412686, 0.745359), (0.406013, 0.742139), (0.422006, 0.749062), (0.40363, 0.729521), (0.454863, 0.698388), (0.468273, 0.704968), (0.477102, 0.712875), (0.486851, 0.728463), (0.456957, 0.748577), (0.47628, 0.738325), (0.482315, 0.733567), (0.467714, 0.744064), (0.483269, 0.720527)]
[(0.438507, 0.70254), (0.440875, 0.747721), (0.425291, 0.700437), (0.412935, 0.709598), (0.4052, 0.71965), (0.396647, 0.737133), (0.428957, 0.747909), (0.40851, 0.743541), (0.401673, 0.740814), (0.418033, 0.746446), (0.399684, 0.728535), (0.451083, 0.697671), (0.463852, 0.70403), (0.472051, 0.711963), (0.48091, 0.72783), (0.452721, 0.745507), (0.471136, 0.736509), (0.476693, 0.732359), (0.463058, 0.741477), (0.477661, 0.719811)]
[(0.446113, 0.709861), (0.447578, 0.752089), (0.432402, 0.708446), (0.418788, 0.717842), (0.409897, 0.728058), (0.399848, 0.745988), (0.435255, 0.753259), (0.413079, 0.751373), (0.405466, 0.749278), (0.423549, 0.753125), (0.403422, 0.737313), (0.458691, 0.704865), (0.470781, 0.710269), (0.478136, 0.718241), (0.485154, 0.735047), (0.459188, 0.74961), (0.476568, 0.742057), (0.48152, 0.738868), (0.46907, 0.746059), (0.482918, 0.726579)]
[(0.436626, 0.716508), (0.439356, 0.757766), (0.422966, 0.715282), (0.40996, 0.724537), (0.401523, 0.734213), (0.391669, 0.750896), (0.426803, 0.75882), (0.404657, 0.756059), (0.397214, 0.753977), (0.415045, 0.758127), (0.39532, 0.742855), (0.449122, 0.711425), (0.461275, 0.71634), (0.46876, 0.723186), (0.476563, 0.737205), (0.451156, 0.755089), (0.468389, 0.745737), (0.473094, 0.741567), (0.461065, 0.750775), (0.473784, 0.73006)]
[(0.435642, 0.713223), (0.437439, 0.754169), (0.421432, 0.711895), (0.407668, 0.721265), (0.398769, 0.731049), (0.388613, 0.747876), (0.424525, 0.754927), (0.401868, 0.752172), (0.394225, 0.750508), (0.412493, 0.754029), (0.392326, 0.739744), (0.448576, 0.708722), (0.460962, 0.71423), (0.468566, 0.72119), (0.476503, 0.735007), (0.449561, 0.751659), (0.467459, 0.742751), (0.472566, 0.73902), (0.459764, 0.747468), (0.473657, 0.728068)]
[(0.453509, 0.702796), (0.453138, 0.750502), (0.440086, 0.701466), (0.426253, 0.712721), (0.416844, 0.723609), (0.405411, 0.740732), (0.441052, 0.751385), (0.418818, 0.74699), (0.411111, 0.744327), (0.429336, 0.750135), (0.409781, 0.732692), (0.46533, 0.699153), (0.476378, 0.706479), (0.482872, 0.715281), (0.488215, 0.730638), (0.464261, 0.747874), (0.480362, 0.738207), (0.484874, 0.73466), (0.473463, 0.743289), (0.486722, 0.723242)]
[(0.446319, 0.691937), (0.448314, 0.745996), (0.433513, 0.690034), (0.421211, 0.699315), (0.41323, 0.709046), (0.40429, 0.726005), (0.436632, 0.746087), (0.416438, 0.736904), (0.409548, 0.73182), (0.425853, 0.742768), (0.407543, 0.717605), (0.457954, 0.687118), (0.469555, 0.693022), (0.476927, 0.700547), (0.484123, 0.716038), (0.45952, 0.742576), (0.475743, 0.728266), (0.480584, 0.722388), (0.468767, 0.735977), (0.481715, 0.708142)]
[(0.449059, 0.685597), (0.451445, 0.745732), (0.43652, 0.684286), (0.424909, 0.69368), (0.417502, 0.703452), (0.409175, 0.721161), (0.439867, 0.745863), (0.420681, 0.735256), (0.414227, 0.728704), (0.429535, 0.742084), (0.412207, 0.71215), (0.461075, 0.680836), (0.473598, 0.686611), (0.482078, 0.693834), (0.491384, 0.709798), (0.463366, 0.741728), (0.481568, 0.7253), (0.487352, 0.717932), (0.473501, 0.734217), (0.488068, 0.701351)]
[(0.449656, 0.684575), (0.451651, 0.743708), (0.437171, 0.683138), (0.425607, 0.691509), (0.418096, 0.700316), (0.409408, 0.716875), (0.44016, 0.743647), (0.421123, 0.732567), (0.4146, 0.725391), (0.429932, 0.739693), (0.412653, 0.708283), (0.461663, 0.679843), (0.473972, 0.6847), (0.482393, 0.69122), (0.491702, 0.706907), (0.463499, 0.73978), (0.481717, 0.723489), (0.487606, 0.715813), (0.473606, 0.732406), (0.488377, 0.69841)]
[(0.45452, 0.694466), (0.456012, 0.745168), (0.442162, 0.693444), (0.430764, 0.702095), (0.423449, 0.711155), (0.415122, 0.7274), (0.444503, 0.745769), (0.425804, 0.738558), (0.419805, 0.733497), (0.434329, 0.743499), (0.418155, 0.719095), (0.466744, 0.689319), (0.479646, 0.694273), (0.488703, 0.70086), (0.499335, 0.71642), (0.46812, 0.741796), (0.488122, 0.729189), (0.494701, 0.72321), (0.47903, 0.736127), (0.495468, 0.708)]
[(0.448413, 0.688615), (0.449884, 0.741717), (0.435061, 0.685839), (0.422461, 0.694007), (0.414427, 0.703321), (0.405855, 0.720721), (0.437746, 0.741655), (0.417515, 0.732612), (0.410845, 0.727052), (0.426852, 0.738494), (0.408845, 0.711903), (0.461066, 0.682618), (0.473912, 0.687854), (0.482372, 0.694962), (0.491442, 0.711786), (0.462002, 0.738512), (0.481057, 0.724912), (0.487083, 0.718622), (0.472547, 0.732501), (0.488245, 0.702842)]
[(0.446128, 0.689919), (0.447707, 0.745057), (0.432372, 0.687181), (0.419293, 0.695905), (0.411026, 0.705826), (0.402424, 0.72366), (0.435048, 0.744821), (0.414114, 0.73539), (0.407373, 0.729807), (0.423744, 0.741471), (0.405373, 0.714738), (0.45923, 0.684524), (0.472598, 0.690807), (0.481267, 0.698738), (0.490363, 0.715888), (0.460319, 0.742194), (0.479929, 0.728752), (0.485995, 0.722472), (0.471256, 0.736299), (0.487185, 0.70701)]
[(0.44541, 0.688854), (0.447141, 0.741918), (0.43183, 0.68601), (0.418844, 0.694801), (0.410645, 0.704764), (0.402018, 0.722828), (0.434679, 0.741635), (0.413839, 0.73304), (0.407041, 0.728246), (0.423458, 0.738545), (0.405012, 0.713778), (0.458139, 0.683808), (0.470968, 0.690261), (0.479177, 0.698427), (0.487531, 0.715836), (0.459265, 0.739393), (0.477777, 0.727217), (0.483431, 0.721748), (0.469677, 0.734054), (0.484686, 0.706845)]
[(0.445909, 0.68862), (0.447788, 0.743216), (0.431956, 0.685861), (0.41856, 0.69469), (0.410044, 0.704634), (0.400897, 0.723008), (0.434878, 0.743137), (0.41318, 0.734098), (0.406076, 0.728841), (0.423242, 0.739921), (0.404112, 0.713728), (0.45882, 0.682952), (0.47178, 0.688722), (0.480042, 0.696344), (0.488518, 0.713203), (0.460198, 0.740163), (0.478915, 0.726247), (0.484523, 0.719806), (0.470753, 0.734075), (0.485573, 0.704359)]
[(0.447771, 0.692353), (0.449142, 0.744298), (0.43425, 0.690156), (0.421297, 0.699202), (0.412956, 0.708754), (0.403554, 0.725838), (0.436672, 0.744457), (0.415752, 0.736835), (0.408803, 0.731791), (0.425446, 0.741908), (0.406926, 0.717201), (0.460697, 0.687198), (0.474114, 0.693513), (0.483058, 0.701116), (0.492792, 0.717601), (0.46167, 0.741302), (0.48157, 0.729147), (0.488045, 0.723632), (0.472665, 0.735829), (0.48935, 0.709004)]
[(0.44882, 0.689727), (0.450463, 0.742922), (0.435071, 0.687073), (0.421896, 0.695625), (0.413371, 0.704692), (0.403768, 0.721062), (0.43771, 0.742746), (0.416358, 0.733478), (0.409241, 0.72764), (0.426228, 0.739494), (0.407255, 0.71277), (0.462016, 0.684229), (0.475593, 0.690326), (0.484658, 0.697637), (0.494655, 0.713453), (0.463216, 0.739817), (0.483337, 0.726285), (0.489859, 0.720083), (0.474369, 0.733808), (0.49106, 0.705196)]
[(0.457346, 0.687629), (0.460597, 0.750046), (0.443806, 0.685855), (0.431367, 0.695293), (0.423621, 0.705645), (0.415417, 0.725149), (0.447597, 0.749994), (0.426578, 0.738839), (0.420093, 0.732234), (0.43613, 0.745887), (0.418296, 0.715126), (0.470551, 0.682648), (0.484152, 0.688933), (0.493277, 0.696333), (0.503543, 0.712365), (0.473698, 0.746354), (0.493874, 0.728804), (0.499709, 0.720481), (0.485062, 0.738838), (0.499795, 0.703689)]
[(0.461205, 0.692792), (0.464936, 0.754037), (0.448649, 0.69168), (0.437518, 0.701121), (0.430667, 0.711237), (0.423475, 0.730397), (0.452772, 0.754129), (0.43322, 0.743144), (0.427471, 0.736905), (0.44202, 0.749986), (0.425983, 0.720444), (0.473426, 0.687785), (0.486108, 0.693168), (0.494685, 0.699896), (0.504451, 0.715463), (0.477217, 0.750054), (0.496068, 0.731958), (0.501255, 0.723491), (0.487901, 0.742329), (0.500854, 0.70682)]
[(0.459143, 0.684237), (0.465622, 0.751247), (0.446838, 0.684521), (0.436333, 0.694587), (0.430255, 0.705241), (0.42461, 0.725584), (0.453263, 0.750767), (0.434215, 0.738164), (0.428564, 0.731829), (0.442772, 0.745652), (0.426319, 0.714736), (0.471251, 0.67982), (0.48493, 0.68494), (0.495023, 0.691181), (0.507373, 0.706614), (0.478489, 0.74676), (0.498481, 0.725949), (0.50417, 0.71595), (0.489656, 0.737807), (0.502684, 0.697753)]
[(0.454876, 0.674886), (0.458405, 0.740487), (0.442211, 0.675296), (0.43064, 0.684613), (0.423432, 0.693903), (0.41524, 0.711779), (0.44544, 0.74041), (0.425333, 0.727834), (0.419305, 0.7199), (0.434413, 0.735742), (0.418209, 0.702222), (0.466912, 0.672369), (0.479779, 0.678814), (0.489225, 0.685586), (0.50086, 0.701502), (0.47167, 0.736601), (0.491634, 0.718755), (0.497436, 0.71013), (0.482823, 0.728766), (0.496308, 0.692897)]
[(0.46771, 0.675577), (0.47231, 0.74815), (0.454271, 0.675299), (0.441545, 0.686674), (0.433381, 0.697772), (0.424145, 0.717314), (0.458534, 0.747611), (0.43612, 0.732223), (0.429115, 0.724585), (0.446328, 0.741407), (0.427585, 0.707139), (0.479486, 0.672073), (0.491764, 0.678914), (0.500276, 0.686585), (0.509761, 0.701509), (0.485073, 0.743742), (0.502882, 0.72169), (0.507378, 0.711206), (0.49534, 0.734193), (0.506292, 0.693584)]
[(0.455445, 0.683389), (0.459627, 0.751185), (0.442491, 0.682809), (0.430808, 0.693183), (0.423684, 0.704671), (0.416381, 0.725569), (0.446995, 0.751674), (0.427052, 0.740263), (0.420858, 0.733146), (0.436078, 0.747622), (0.418737, 0.714858), (0.468054, 0.677704), (0.482174, 0.683262), (0.492337, 0.690719), (0.504389, 0.707738), (0.472965, 0.746416), (0.493938, 0.726603), (0.50035, 0.717051), (0.484563, 0.737645), (0.499989, 0.698537)]
[(0.452585, 0.687813), (0.455438, 0.747643), (0.439579, 0.686457), (0.427627, 0.696186), (0.420116, 0.706686), (0.412042, 0.725633), (0.443011, 0.747914), (0.42295, 0.738686), (0.416658, 0.732528), (0.432091, 0.744856), (0.414818, 0.71602), (0.465461, 0.682775), (0.479505, 0.689402), (0.489282, 0.697162), (0.500608, 0.714157), (0.468431, 0.744234), (0.489449, 0.729253), (0.4961, 0.721737), (0.48001, 0.737748), (0.496477, 0.705158)]
[(0.448014, 0.688569), (0.449467, 0.740893), (0.434387, 0.686534), (0.4211, 0.695822), (0.41284, 0.7061), (0.404562, 0.724555), (0.437064, 0.740711), (0.416336, 0.73372), (0.409564, 0.729459), (0.425881, 0.738262), (0.407241, 0.715498), (0.461068, 0.68451), (0.474438, 0.691903), (0.483029, 0.700667), (0.491964, 0.718715), (0.461744, 0.738788), (0.481268, 0.728766), (0.487439, 0.724039), (0.472599, 0.734365), (0.488974, 0.709687)]
[(0.447798, 0.697874), (0.449203, 0.746756), (0.433867, 0.694813), (0.420302, 0.703299), (0.411498, 0.713119), (0.401719, 0.730662), (0.436431, 0.746653), (0.414449, 0.739976), (0.407118, 0.735776), (0.424708, 0.744414), (0.405225, 0.721903), (0.460711, 0.693075), (0.473417, 0.699664), (0.481485, 0.707911), (0.48961, 0.725181), (0.461484, 0.74466), (0.480101, 0.734951), (0.485621, 0.730349), (0.472045, 0.740429), (0.486847, 0.716343)]
[(0.444621, 0.69425), (0.445438, 0.745388), (0.430839, 0.691814), (0.417382, 0.701188), (0.40853, 0.711047), (0.398382, 0.728505), (0.432583, 0.74561), (0.410718, 0.738049), (0.403608, 0.733645), (0.420861, 0.742926), (0.402129, 0.719839), (0.457066, 0.689231), (0.469255, 0.695215), (0.476874, 0.702895), (0.484143, 0.718382), (0.45756, 0.7422), (0.475185, 0.729372), (0.480383, 0.724083), (0.467612, 0.736265), (0.481844, 0.710492)]
[(0.447838, 0.682569), (0.449702, 0.744695), (0.434584, 0.681168), (0.422132, 0.690468), (0.414162, 0.700478), (0.405229, 0.719405), (0.437371, 0.74475), (0.417106, 0.734471), (0.410403, 0.727531), (0.426418, 0.74116), (0.408474, 0.709769), (0.460666, 0.678487), (0.473942, 0.684661), (0.482903, 0.692412), (0.492567, 0.709195), (0.462421, 0.741017), (0.48193, 0.725294), (0.488193, 0.717815), (0.47326, 0.733891), (0.489233, 0.70041)]
[(0.464345, 0.681875), (0.468592, 0.748405), (0.451265, 0.681127), (0.438903, 0.691547), (0.431003, 0.702113), (0.422305, 0.721525), (0.455569, 0.747841), (0.434098, 0.735335), (0.427235, 0.728657), (0.44396, 0.74283), (0.425509, 0.711395), (0.476185, 0.678045), (0.488402, 0.684307), (0.496775, 0.691327), (0.506222, 0.705836), (0.480801, 0.744504), (0.498677, 0.725293), (0.503478, 0.715518), (0.490963, 0.736344), (0.502737, 0.698021)]
[(0.467294, 0.687527), (0.471715, 0.754912), (0.454343, 0.686237), (0.44235, 0.697373), (0.434782, 0.708459), (0.426377, 0.727735), (0.458693, 0.754303), (0.437451, 0.741003), (0.43096, 0.734343), (0.447107, 0.748927), (0.429509, 0.717907), (0.47909, 0.682778), (0.491409, 0.689292), (0.499906, 0.696627), (0.509736, 0.711346), (0.483907, 0.750815), (0.502167, 0.730504), (0.506965, 0.720504), (0.49429, 0.742314), (0.506112, 0.703503)]
[(0.458353, 0.68579), (0.463936, 0.749373), (0.446704, 0.68516), (0.436615, 0.694231), (0.430906, 0.703873), (0.42543, 0.721544), (0.452008, 0.748174), (0.433956, 0.735171), (0.428755, 0.728185), (0.442084, 0.742884), (0.427169, 0.711949), (0.469981, 0.681759), (0.483456, 0.687559), (0.493951, 0.693486), (0.507561, 0.707905), (0.476561, 0.745884), (0.497589, 0.727052), (0.503934, 0.717178), (0.487963, 0.738146), (0.502272, 0.699788)]
[(0.459573, 0.682962), (0.464083, 0.750802), (0.448196, 0.68254), (0.438383, 0.692351), (0.432759, 0.702514), (0.427053, 0.722131), (0.452858, 0.749757), (0.435563, 0.736495), (0.430496, 0.729267), (0.443346, 0.744331), (0.429057, 0.711504), (0.470565, 0.679822), (0.482807, 0.68635), (0.491884, 0.693237), (0.502996, 0.708545), (0.475769, 0.747), (0.49438, 0.727709), (0.499894, 0.718064), (0.485993, 0.738812), (0.498685, 0.700152)]
[(0.449509, 0.684957), (0.451123, 0.746814), (0.438488, 0.68348), (0.428299, 0.692369), (0.422016, 0.70182), (0.415283, 0.719799), (0.440534, 0.746373), (0.423867, 0.73402), (0.418822, 0.726984), (0.431387, 0.741576), (0.417695, 0.710386), (0.459904, 0.680786), (0.470562, 0.686624), (0.477822, 0.693708), (0.485813, 0.709776), (0.461702, 0.742926), (0.477806, 0.72547), (0.482661, 0.717685), (0.470694, 0.735101), (0.482906, 0.701231)]
[(0.449989, 0.679304), (0.452435, 0.745265), (0.437729, 0.678903), (0.42623, 0.688866), (0.418945, 0.698978), (0.410841, 0.718584), (0.440251, 0.74583), (0.420848, 0.734552), (0.414887, 0.72676), (0.429663, 0.741949), (0.413652, 0.708349), (0.461212, 0.675591), (0.472531, 0.682067), (0.480339, 0.689614), (0.489435, 0.707307), (0.464254, 0.740863), (0.481527, 0.723534), (0.486476, 0.715559), (0.474011, 0.733034), (0.486037, 0.697884)]
[(0.450556, 0.689141), (0.453998, 0.754798), (0.437888, 0.688705), (0.426635, 0.698431), (0.419805, 0.708967), (0.412784, 0.728409), (0.441663, 0.755602), (0.42262, 0.7442), (0.416811, 0.736454), (0.431177, 0.751689), (0.415001, 0.718284), (0.463027, 0.683081), (0.476686, 0.687994), (0.486681, 0.694353), (0.499155, 0.710213), (0.46734, 0.749489), (0.488428, 0.729162), (0.494995, 0.719633), (0.478972, 0.740303), (0.494416, 0.701407)]
[(0.444995, 0.679859), (0.451938, 0.747325), (0.432429, 0.680015), (0.422027, 0.688825), (0.416523, 0.699227), (0.412416, 0.719207), (0.439344, 0.747264), (0.421191, 0.734459), (0.415941, 0.726654), (0.42922, 0.742507), (0.41314, 0.708531), (0.458473, 0.674476), (0.474537, 0.679146), (0.486997, 0.684982), (0.503426, 0.701493), (0.466757, 0.74223), (0.491024, 0.720896), (0.498739, 0.710939), (0.47993, 0.732671), (0.497094, 0.692006)]
[(0.449587, 0.690281), (0.452903, 0.749032), (0.43579, 0.688935), (0.423061, 0.697931), (0.415041, 0.707665), (0.406499, 0.725263), (0.439624, 0.749414), (0.418395, 0.739299), (0.411565, 0.732466), (0.428086, 0.745994), (0.409401, 0.716167), (0.4632, 0.684345), (0.4779, 0.689384), (0.488566, 0.695758), (0.501714, 0.711661), (0.466883, 0.744891), (0.489528, 0.728016), (0.496804, 0.719843), (0.479306, 0.737419), (0.496756, 0.702912)]
[(0.44726, 0.682796), (0.450071, 0.741487), (0.433029, 0.682206), (0.42006, 0.691746), (0.412082, 0.701506), (0.403633, 0.720015), (0.436785, 0.742383), (0.415652, 0.734079), (0.408828, 0.727489), (0.425278, 0.739829), (0.40653, 0.710519), (0.460912, 0.677727), (0.47527, 0.682655), (0.485277, 0.689166), (0.496835, 0.705077), (0.463872, 0.737375), (0.485513, 0.721615), (0.492318, 0.713711), (0.475795, 0.730334), (0.492631, 0.696494)]
[(0.447086, 0.692307), (0.448067, 0.745664), (0.433328, 0.689787), (0.420119, 0.698429), (0.411814, 0.707996), (0.402812, 0.72529), (0.43535, 0.745206), (0.414515, 0.736895), (0.40783, 0.731436), (0.424043, 0.742297), (0.406022, 0.716675), (0.460305, 0.688758), (0.473607, 0.696172), (0.482146, 0.704805), (0.490766, 0.72225), (0.460849, 0.743633), (0.480494, 0.733193), (0.48649, 0.72809), (0.471857, 0.739047), (0.487899, 0.713484)]
[(0.447559, 0.69562), (0.448516, 0.743902), (0.433826, 0.692789), (0.420532, 0.700271), (0.411981, 0.7087), (0.402721, 0.723934), (0.436087, 0.743313), (0.41505, 0.735054), (0.40806, 0.729865), (0.424787, 0.740398), (0.406011, 0.71632), (0.4608, 0.69136), (0.474019, 0.697322), (0.482527, 0.70506), (0.491117, 0.721651), (0.46089, 0.741894), (0.480373, 0.732018), (0.486559, 0.727294), (0.471738, 0.73754), (0.488256, 0.713187)]
[(0.439323, 0.691159), (0.440747, 0.740382), (0.425183, 0.688226), (0.411386, 0.696861), (0.402624, 0.706863), (0.393515, 0.725826), (0.427818, 0.740262), (0.406019, 0.734561), (0.398828, 0.730624), (0.416119, 0.738306), (0.396573, 0.716471), (0.452653, 0.686208), (0.465971, 0.692583), (0.474337, 0.701052), (0.482892, 0.719603), (0.452995, 0.73838), (0.472307, 0.729418), (0.478375, 0.724886), (0.463703, 0.734502), (0.480052, 0.71015)]
[(0.437461, 0.703937), (0.439233, 0.749263), (0.423706, 0.701651), (0.410558, 0.711032), (0.402268, 0.72151), (0.393274, 0.740138), (0.426762, 0.749418), (0.405497, 0.745437), (0.398458, 0.743221), (0.415367, 0.748008), (0.396421, 0.731007), (0.450453, 0.699297), (0.463372, 0.706159), (0.471375, 0.714791), (0.479598, 0.732249), (0.451333, 0.747299), (0.46983, 0.739474), (0.475375, 0.73611), (0.461756, 0.743716), (0.47675, 0.723439)]
[(0.437052, 0.706469), (0.438745, 0.751018), (0.42303, 0.704768), (0.409261, 0.71483), (0.400476, 0.725547), (0.390524, 0.744224), (0.42586, 0.751658), (0.403434, 0.748924), (0.395907, 0.747108), (0.41394, 0.750877), (0.39409, 0.735156), (0.449861, 0.702389), (0.462351, 0.709149), (0.470016, 0.717422), (0.477695, 0.733814), (0.450782, 0.749035), (0.468668, 0.741302), (0.473842, 0.737762), (0.460965, 0.745551), (0.475097, 0.725609)]
[(0.441222, 0.704904), (0.44272, 0.749622), (0.42708, 0.703516), (0.412971, 0.713924), (0.404163, 0.72485), (0.394713, 0.743496), (0.429947, 0.750352), (0.407712, 0.747672), (0.400196, 0.74605), (0.418091, 0.749556), (0.397912, 0.73456), (0.454217, 0.700568), (0.466905, 0.707454), (0.474488, 0.716101), (0.481819, 0.733167), (0.454681, 0.7476), (0.472628, 0.739967), (0.477835, 0.736782), (0.464916, 0.744077), (0.479442, 0.724753)]
[(0.444378, 0.705512), (0.446619, 0.749977), (0.431013, 0.7038), (0.418332, 0.713336), (0.410499, 0.723767), (0.402216, 0.741978), (0.434724, 0.750575), (0.414256, 0.747235), (0.407401, 0.74512), (0.423762, 0.749615), (0.405004, 0.733134), (0.45717, 0.700485), (0.47009, 0.706601), (0.478212, 0.714866), (0.48663, 0.732243), (0.458349, 0.747818), (0.476732, 0.739694), (0.482366, 0.736293), (0.468675, 0.744106), (0.483769, 0.723454)]
[(0.448202, 0.707398), (0.449729, 0.755459), (0.433944, 0.705986), (0.419568, 0.716857), (0.41039, 0.728471), (0.400337, 0.74845), (0.436883, 0.756244), (0.414018, 0.753152), (0.40614, 0.751263), (0.424771, 0.755397), (0.403836, 0.73878), (0.460886, 0.702755), (0.473277, 0.709973), (0.480633, 0.719483), (0.487293, 0.73803), (0.461515, 0.753205), (0.478938, 0.745136), (0.483753, 0.741762), (0.471473, 0.749551), (0.485234, 0.728837)]
[(0.448905, 0.706393), (0.449996, 0.754908), (0.435249, 0.704886), (0.421466, 0.715694), (0.412494, 0.726885), (0.40241, 0.745576), (0.437712, 0.755413), (0.415654, 0.751129), (0.408022, 0.748755), (0.426051, 0.754072), (0.406043, 0.736558), (0.461047, 0.702252), (0.472793, 0.709869), (0.479836, 0.719242), (0.48625, 0.73636), (0.461325, 0.752756), (0.478129, 0.743931), (0.482782, 0.740279), (0.470918, 0.748783), (0.484174, 0.728008)]
[(0.450993, 0.699739), (0.451915, 0.747777), (0.437511, 0.698936), (0.424181, 0.710672), (0.415574, 0.722404), (0.405991, 0.741535), (0.440101, 0.748973), (0.418862, 0.746361), (0.411549, 0.744456), (0.428842, 0.748535), (0.409406, 0.732576), (0.463403, 0.695235), (0.47574, 0.702402), (0.483212, 0.711729), (0.489836, 0.729667), (0.463237, 0.745394), (0.480754, 0.736925), (0.485958, 0.733622), (0.473059, 0.741493), (0.487894, 0.720867)]
[(0.4497, 0.703228), (0.451548, 0.75174), (0.436834, 0.702434), (0.424896, 0.713315), (0.417311, 0.724278), (0.40879, 0.742511), (0.439889, 0.753004), (0.420067, 0.749477), (0.413649, 0.74651), (0.429223, 0.75236), (0.411858, 0.733744), (0.462222, 0.697904), (0.475452, 0.704328), (0.484209, 0.712533), (0.493767, 0.729385), (0.463577, 0.749026), (0.483263, 0.739168), (0.489404, 0.734508), (0.474419, 0.744671), (0.490382, 0.720797)]
[(0.449906, 0.694877), (0.452644, 0.752537), (0.437102, 0.694522), (0.425589, 0.705973), (0.418606, 0.717628), (0.411406, 0.737724), (0.440836, 0.753677), (0.421758, 0.746619), (0.415834, 0.742432), (0.4304, 0.751467), (0.4138, 0.727802), (0.462596, 0.688897), (0.476493, 0.695074), (0.486001, 0.703045), (0.496778, 0.72035), (0.465177, 0.748666), (0.485705, 0.733607), (0.492257, 0.726877), (0.476438, 0.74197), (0.492928, 0.711211)]
[(0.446738, 0.695901), (0.449337, 0.748099), (0.43363, 0.693985), (0.421388, 0.702706), (0.413682, 0.712154), (0.40529, 0.72955), (0.437359, 0.748456), (0.417207, 0.73996), (0.410446, 0.735051), (0.426536, 0.74547), (0.408226, 0.720715), (0.459051, 0.689815), (0.471762, 0.694563), (0.480222, 0.701246), (0.489462, 0.716955), (0.461213, 0.744425), (0.479532, 0.729705), (0.485282, 0.723374), (0.471454, 0.737762), (0.48615, 0.708542)]
[(0.448632, 0.694425), (0.451321, 0.748212), (0.435796, 0.693379), (0.424063, 0.703395), (0.416757, 0.713884), (0.408741, 0.732588), (0.439732, 0.748953), (0.420191, 0.74185), (0.413699, 0.737623), (0.429221, 0.746618), (0.411556, 0.723232), (0.460944, 0.689), (0.473968, 0.694645), (0.482681, 0.702128), (0.491958, 0.718282), (0.463194, 0.744557), (0.481836, 0.730343), (0.487747, 0.724371), (0.473547, 0.738096), (0.488718, 0.709787)]
[(0.451034, 0.69864), (0.453431, 0.747265), (0.43849, 0.698284), (0.427068, 0.708199), (0.420002, 0.71829), (0.412377, 0.736111), (0.442026, 0.74841), (0.423125, 0.743542), (0.417044, 0.740215), (0.43177, 0.747094), (0.414966, 0.727276), (0.463428, 0.693151), (0.476709, 0.698234), (0.485626, 0.705303), (0.495338, 0.721138), (0.465461, 0.743837), (0.484906, 0.731713), (0.491043, 0.726526), (0.476193, 0.738312), (0.491999, 0.712736)]
[(0.449836, 0.694638), (0.452484, 0.746825), (0.43712, 0.693893), (0.425656, 0.704006), (0.41853, 0.71453), (0.410694, 0.733076), (0.441188, 0.747863), (0.421966, 0.741684), (0.415587, 0.737836), (0.43084, 0.745998), (0.413434, 0.723989), (0.462256, 0.689113), (0.475435, 0.694378), (0.484185, 0.701622), (0.493399, 0.717192), (0.464383, 0.743196), (0.483257, 0.729146), (0.489208, 0.723237), (0.474836, 0.736845), (0.490253, 0.709034)]
[(0.451387, 0.691033), (0.453835, 0.749854), (0.438544, 0.690445), (0.426755, 0.700883), (0.41923, 0.711401), (0.410581, 0.730007), (0.442183, 0.750995), (0.422407, 0.742538), (0.415735, 0.736749), (0.431588, 0.748384), (0.413737, 0.720662), (0.463542, 0.685507), (0.476212, 0.690634), (0.484801, 0.697565), (0.494315, 0.712829), (0.465743, 0.745432), (0.48428, 0.728454), (0.49019, 0.720802), (0.476026, 0.737754), (0.490908, 0.704698)]
[(0.4485, 0.694728), (0.450741, 0.749394), (0.435592, 0.693071), (0.42339, 0.701878), (0.415477, 0.711277), (0.406401, 0.728319), (0.438981, 0.749911), (0.418798, 0.740992), (0.411809, 0.735092), (0.428252, 0.746956), (0.409695, 0.719655), (0.460607, 0.689013), (0.47312, 0.693866), (0.481617, 0.700651), (0.491042, 0.716642), (0.462475, 0.745581), (0.480804, 0.730485), (0.486737, 0.723771), (0.472636, 0.738759), (0.487673, 0.708077)]
[(0.448466, 0.695407), (0.451274, 0.750138), (0.435025, 0.694071), (0.422458, 0.703053), (0.414347, 0.712488), (0.405177, 0.729643), (0.438793, 0.7509), (0.417795, 0.742514), (0.410683, 0.736594), (0.427548, 0.748239), (0.408464, 0.720899), (0.461234, 0.689442), (0.474478, 0.694165), (0.483589, 0.700449), (0.49408, 0.715555), (0.463769, 0.746161), (0.483387, 0.730615), (0.489635, 0.723263), (0.474675, 0.739238), (0.490231, 0.707363)]
[(0.449995, 0.698441), (0.452471, 0.751254), (0.436862, 0.697283), (0.424851, 0.707139), (0.417156, 0.717321), (0.408376, 0.735092), (0.440529, 0.752013), (0.420201, 0.744967), (0.413486, 0.740521), (0.429615, 0.749752), (0.411594, 0.726302), (0.462451, 0.693121), (0.47525, 0.698812), (0.483679, 0.706113), (0.492617, 0.721496), (0.464453, 0.747924), (0.483046, 0.734152), (0.488698, 0.727869), (0.47488, 0.741812), (0.489456, 0.713479)]
[(0.450142, 0.696386), (0.45233, 0.75083), (0.436986, 0.694802), (0.424618, 0.704724), (0.416693, 0.715231), (0.407777, 0.733517), (0.440414, 0.751416), (0.419835, 0.743945), (0.41295, 0.739194), (0.429418, 0.749022), (0.410988, 0.724498), (0.462452, 0.691226), (0.47507, 0.697422), (0.483326, 0.705399), (0.49189, 0.721861), (0.464083, 0.747616), (0.482326, 0.734182), (0.487941, 0.72811), (0.474291, 0.741671), (0.48894, 0.713423)]
[(0.447972, 0.697427), (0.449293, 0.746621), (0.434462, 0.695201), (0.421361, 0.704372), (0.412872, 0.714365), (0.403492, 0.731936), (0.437111, 0.747021), (0.415881, 0.74071), (0.408771, 0.73672), (0.425794, 0.745026), (0.40678, 0.72337), (0.460402, 0.692148), (0.472664, 0.697986), (0.48044, 0.705955), (0.488109, 0.723084), (0.460889, 0.743969), (0.478755, 0.733136), (0.484183, 0.728365), (0.470931, 0.739134), (0.485641, 0.714384)]
[(0.444316, 0.699579), (0.446453, 0.75062), (0.431107, 0.697077), (0.418593, 0.705711), (0.41069, 0.715532), (0.402189, 0.733129), (0.434526, 0.750611), (0.414141, 0.742725), (0.4073, 0.738267), (0.423623, 0.747825), (0.405135, 0.724388), (0.456618, 0.693878), (0.46902, 0.699362), (0.476987, 0.70701), (0.485274, 0.723574), (0.457993, 0.747827), (0.475815, 0.73533), (0.481281, 0.729613), (0.468013, 0.74231), (0.482383, 0.715064)]
[(0.43906, 0.701751), (0.440503, 0.749904), (0.426742, 0.699683), (0.415252, 0.708315), (0.407959, 0.717823), (0.399919, 0.734589), (0.429335, 0.750181), (0.410581, 0.743263), (0.404426, 0.739297), (0.419216, 0.747785), (0.402806, 0.726203), (0.450714, 0.696123), (0.462206, 0.70119), (0.469675, 0.70826), (0.477878, 0.723578), (0.451418, 0.747038), (0.46858, 0.735019), (0.473922, 0.72952), (0.460992, 0.741622), (0.474825, 0.71565)]
