[(0.42219, 0.727955), (0.422662, 0.75309), (0.412479, 0.725139), (0.403975, 0.725466), (0.398625, 0.725911), (0.391517, 0.728197), (0.41379, 0.751631), (0.399266, 0.740158), (0.394905, 0.733811), (0.405818, 0.747016), (0.394509, 0.726664), (0.431907, 0.724477), (0.440666, 0.724176), (0.445891, 0.724758), (0.452227, 0.727875), (0.431532, 0.751257), (0.445344, 0.739325), (0.449346, 0.733214), (0.439303, 0.746235), (0.449727, 0.725917)]
[(0.423077, 0.717169), (0.42406, 0.742564), (0.413712, 0.714454), (0.405416, 0.716093), (0.399917, 0.717722), (0.392316, 0.721179), (0.415366, 0.741528), (0.400672, 0.731507), (0.395963, 0.726134), (0.407439, 0.737539), (0.3956, 0.719192), (0.43195, 0.71325), (0.439925, 0.713655), (0.444949, 0.714777), (0.451271, 0.71812), (0.432417, 0.7405), (0.445116, 0.728877), (0.448708, 0.723189), (0.43962, 0.735553), (0.448652, 0.716097)]
[(0.425442, 0.703631), (0.425617, 0.733332), (0.415569, 0.700626), (0.406112, 0.703589), (0.399605, 0.706722), (0.390877, 0.712562), (0.416537, 0.732374), (0.40054, 0.722997), (0.395081, 0.717798), (0.408044, 0.72871), (0.394533, 0.709475), (0.434685, 0.699906), (0.443019, 0.701877), (0.448301, 0.704769), (0.454417, 0.711068), (0.434241, 0.731435), (0.447558, 0.721099), (0.451524, 0.716071), (0.441679, 0.727032), (0.452064, 0.707643)]
[(0.442071, 0.692296), (0.440992, 0.728601), (0.432027, 0.690985), (0.421447, 0.698673), (0.413993, 0.705428), (0.40384, 0.715664), (0.431721, 0.72934), (0.414275, 0.723897), (0.408339, 0.719961), (0.422531, 0.727761), (0.408074, 0.710904), (0.450397, 0.689289), (0.45736, 0.693726), (0.460991, 0.699473), (0.463145, 0.709343), (0.448837, 0.726135), (0.459178, 0.716998), (0.461579, 0.713215), (0.454928, 0.721896), (0.462836, 0.704609)]
[(0.430341, 0.686782), (0.430341, 0.719767), (0.420635, 0.685082), (0.410824, 0.692342), (0.403882, 0.699186), (0.394624, 0.709853), (0.421544, 0.720271), (0.405, 0.715837), (0.399173, 0.713169), (0.412884, 0.71885), (0.398457, 0.704744), (0.438538, 0.682931), (0.445586, 0.686875), (0.449616, 0.692465), (0.453049, 0.702685), (0.437805, 0.71764), (0.448305, 0.709669), (0.451082, 0.706411), (0.443893, 0.713924), (0.452006, 0.697577)]
[(0.431849, 0.680117), (0.4329, 0.720692), (0.422745, 0.678558), (0.413494, 0.686894), (0.406924, 0.694769), (0.398229, 0.706922), (0.424312, 0.721298), (0.408144, 0.714835), (0.402519, 0.711008), (0.415853, 0.719136), (0.401763, 0.70115), (0.439434, 0.67625), (0.446133, 0.681079), (0.45003, 0.687544), (0.453333, 0.699641), (0.440085, 0.718107), (0.449521, 0.707935), (0.4518, 0.703843), (0.44568, 0.713352), (0.452371, 0.693579)]
[(0.429403, 0.675143), (0.43216, 0.71771), (0.420408, 0.673778), (0.412022, 0.681627), (0.406493, 0.689754), (0.399862, 0.703483), (0.423645, 0.718107), (0.408599, 0.711305), (0.403652, 0.707542), (0.415637, 0.715738), (0.402429, 0.696765), (0.437463, 0.670653), (0.445327, 0.674939), (0.450288, 0.680987), (0.45551, 0.693601), (0.439886, 0.715066), (0.450849, 0.70369), (0.453671, 0.698587), (0.446248, 0.709988), (0.453641, 0.686986)]
[(0.422881, 0.658134), (0.426742, 0.703051), (0.413572, 0.656744), (0.405276, 0.662255), (0.40004, 0.668507), (0.394469, 0.680817), (0.418116, 0.703175), (0.403323, 0.693049), (0.39834, 0.687037), (0.410183, 0.699663), (0.396442, 0.674446), (0.43157, 0.65231), (0.440456, 0.653345), (0.446344, 0.656331), (0.45321, 0.665356), (0.434971, 0.699065), (0.447103, 0.681629), (0.450664, 0.673244), (0.441874, 0.691454), (0.450559, 0.660186)]
[(0.426651, 0.658085), (0.432206, 0.70925), (0.417756, 0.657874), (0.410715, 0.665945), (0.406645, 0.673823), (0.402633, 0.687559), (0.423857, 0.709819), (0.410131, 0.699071), (0.4059, 0.693225), (0.416347, 0.705983), (0.403996, 0.680646), (0.43516, 0.652221), (0.444614, 0.65476), (0.451035, 0.65884), (0.458445, 0.668638), (0.440684, 0.704492), (0.452817, 0.684763), (0.456216, 0.676186), (0.447641, 0.695621), (0.455596, 0.663208)]
[(0.43154, 0.656682), (0.437427, 0.709828), (0.422805, 0.656827), (0.416179, 0.665688), (0.412542, 0.673947), (0.409225, 0.688173), (0.428981, 0.710347), (0.415717, 0.699281), (0.411994, 0.693377), (0.421609, 0.706336), (0.410253, 0.681038), (0.440305, 0.650822), (0.450521, 0.653847), (0.457621, 0.657716), (0.466321, 0.667149), (0.446443, 0.704901), (0.460034, 0.684277), (0.463902, 0.674985), (0.454099, 0.695744), (0.462994, 0.661742)]
[(0.437434, 0.654423), (0.443289, 0.708687), (0.42772, 0.654757), (0.420252, 0.664361), (0.416003, 0.672801), (0.411724, 0.686708), (0.433774, 0.709377), (0.418899, 0.697792), (0.414716, 0.691876), (0.425479, 0.705136), (0.413215, 0.679679), (0.446964, 0.647746), (0.457699, 0.650282), (0.465137, 0.653796), (0.474286, 0.662891), (0.453118, 0.703144), (0.467778, 0.680878), (0.471824, 0.671066), (0.461414, 0.693206), (0.470757, 0.657469)]
[(0.433633, 0.656372), (0.441173, 0.712665), (0.423288, 0.657307), (0.415607, 0.667384), (0.411386, 0.676582), (0.407077, 0.690957), (0.431201, 0.713737), (0.415399, 0.702292), (0.410595, 0.6965), (0.422501, 0.709486), (0.408521, 0.683657), (0.443756, 0.649132), (0.455392, 0.651125), (0.463852, 0.654511), (0.474803, 0.663829), (0.451761, 0.706378), (0.467661, 0.682916), (0.472152, 0.672766), (0.460696, 0.6957), (0.470441, 0.658188)]
[(0.429176, 0.659076), (0.434702, 0.715412), (0.418432, 0.659051), (0.409798, 0.66853), (0.404639, 0.677642), (0.398859, 0.692693), (0.424738, 0.716613), (0.408358, 0.70581), (0.402996, 0.699424), (0.415895, 0.712863), (0.400931, 0.68508), (0.439699, 0.65201), (0.451357, 0.654662), (0.459869, 0.659022), (0.470933, 0.670502), (0.445447, 0.709761), (0.462233, 0.68863), (0.467519, 0.679441), (0.454708, 0.700061), (0.466543, 0.6639)]
[(0.428915, 0.66166), (0.432162, 0.710465), (0.417452, 0.660512), (0.407693, 0.668178), (0.401356, 0.675737), (0.393463, 0.688553), (0.421642, 0.711719), (0.403839, 0.70229), (0.397867, 0.695629), (0.412148, 0.708775), (0.396493, 0.681973), (0.439808, 0.654666), (0.451115, 0.656917), (0.459344, 0.660429), (0.470087, 0.67004), (0.443306, 0.705428), (0.460811, 0.686671), (0.46634, 0.678307), (0.452992, 0.696847), (0.46573, 0.664513)]
[(0.429448, 0.662147), (0.433619, 0.712824), (0.417964, 0.661554), (0.408323, 0.669276), (0.40228, 0.677453), (0.395486, 0.691877), (0.423019, 0.714135), (0.405499, 0.705129), (0.399719, 0.698855), (0.413611, 0.711265), (0.397868, 0.684432), (0.440628, 0.655097), (0.452362, 0.657204), (0.460807, 0.660845), (0.471596, 0.671223), (0.444912, 0.707735), (0.462633, 0.68884), (0.468068, 0.679974), (0.454763, 0.699217), (0.467301, 0.665123)]
[(0.435791, 0.657709), (0.442487, 0.705458), (0.424076, 0.658289), (0.414511, 0.66587), (0.40858, 0.673165), (0.401964, 0.685973), (0.431061, 0.706406), (0.412457, 0.696787), (0.406471, 0.691453), (0.420968, 0.702924), (0.404315, 0.679235), (0.447037, 0.650727), (0.459338, 0.651386), (0.468431, 0.653274), (0.480495, 0.660236), (0.454158, 0.700322), (0.472165, 0.679476), (0.477303, 0.669404), (0.464256, 0.691226), (0.475605, 0.655644)]
[(0.430854, 0.651054), (0.434655, 0.703277), (0.418852, 0.650587), (0.407781, 0.658953), (0.400578, 0.667067), (0.39225, 0.682163), (0.423181, 0.704602), (0.403502, 0.695364), (0.397025, 0.688894), (0.412632, 0.701725), (0.39527, 0.674407), (0.441543, 0.645776), (0.452341, 0.649324), (0.459631, 0.654081), (0.467957, 0.665448), (0.445592, 0.69872), (0.461158, 0.68112), (0.465393, 0.673175), (0.454549, 0.6908), (0.464877, 0.659185)]
[(0.428657, 0.650564), (0.432887, 0.705634), (0.417043, 0.650634), (0.406625, 0.658697), (0.400072, 0.666772), (0.392668, 0.682118), (0.421349, 0.706796), (0.402682, 0.696874), (0.396826, 0.689652), (0.411196, 0.703599), (0.395279, 0.674091), (0.439667, 0.645747), (0.451165, 0.649369), (0.459296, 0.654235), (0.469298, 0.667373), (0.444521, 0.700922), (0.461615, 0.683399), (0.466456, 0.675384), (0.45422, 0.69293), (0.46543, 0.659997)]
[(0.428564, 0.652079), (0.433096, 0.704764), (0.417488, 0.652245), (0.407825, 0.659764), (0.40179, 0.667367), (0.39492, 0.682127), (0.421974, 0.705633), (0.404202, 0.696144), (0.398714, 0.689335), (0.412309, 0.702476), (0.397338, 0.674354), (0.439466, 0.647765), (0.451238, 0.651583), (0.459755, 0.656095), (0.470288, 0.668418), (0.444799, 0.70045), (0.462229, 0.683606), (0.467292, 0.675985), (0.454597, 0.692756), (0.466221, 0.66135)]
[(0.431071, 0.648441), (0.4362, 0.700323), (0.419293, 0.648259), (0.408729, 0.656197), (0.40199, 0.663987), (0.39418, 0.679199), (0.424424, 0.701274), (0.405056, 0.692357), (0.398754, 0.686048), (0.413992, 0.698354), (0.397004, 0.671297), (0.441854, 0.643971), (0.453128, 0.6479), (0.46114, 0.652723), (0.471422, 0.665906), (0.447657, 0.696409), (0.464167, 0.68092), (0.468781, 0.673497), (0.457028, 0.689524), (0.467386, 0.658528)]
[(0.432053, 0.643384), (0.439222, 0.699454), (0.419957, 0.644305), (0.409119, 0.65364), (0.402335, 0.662327), (0.394807, 0.678551), (0.426605, 0.700331), (0.406221, 0.690834), (0.399595, 0.684999), (0.415608, 0.696907), (0.397416, 0.670137), (0.443175, 0.639335), (0.455237, 0.643674), (0.463917, 0.6486), (0.475146, 0.661158), (0.45137, 0.69468), (0.468078, 0.676923), (0.472649, 0.669007), (0.460925, 0.68649), (0.470678, 0.654114)]
[(0.433251, 0.638451), (0.439037, 0.692903), (0.42013, 0.639134), (0.407673, 0.64978), (0.399651, 0.659475), (0.390367, 0.676744), (0.426044, 0.694429), (0.4034, 0.686629), (0.395912, 0.681858), (0.413979, 0.691981), (0.393669, 0.668057), (0.444337, 0.634038), (0.455349, 0.638975), (0.462455, 0.645087), (0.470442, 0.658768), (0.450399, 0.688158), (0.464872, 0.671562), (0.468347, 0.664914), (0.45903, 0.680459), (0.467453, 0.65147)]
[(0.432001, 0.639748), (0.437159, 0.695703), (0.418799, 0.64073), (0.406446, 0.651833), (0.398486, 0.661999), (0.389423, 0.680648), (0.42406, 0.697564), (0.402023, 0.690732), (0.394769, 0.686056), (0.412256, 0.695535), (0.392628, 0.671211), (0.443545, 0.634642), (0.455309, 0.638926), (0.463231, 0.644697), (0.47273, 0.659754), (0.449063, 0.69079), (0.465577, 0.674256), (0.47008, 0.667046), (0.458523, 0.683214), (0.469129, 0.651428)]
[(0.434535, 0.643105), (0.437974, 0.700102), (0.421556, 0.643351), (0.409226, 0.653566), (0.401086, 0.663196), (0.391028, 0.681262), (0.425325, 0.702038), (0.403661, 0.695074), (0.396387, 0.688735), (0.413787, 0.700317), (0.394781, 0.672134), (0.445785, 0.639147), (0.456961, 0.643887), (0.464464, 0.650005), (0.4731, 0.665063), (0.449624, 0.69596), (0.466052, 0.680681), (0.470523, 0.673156), (0.459029, 0.689223), (0.469949, 0.656941)]
[(0.431453, 0.65327), (0.436108, 0.711973), (0.41971, 0.652985), (0.40954, 0.661466), (0.403312, 0.670259), (0.396422, 0.687161), (0.424814, 0.712867), (0.406567, 0.702462), (0.400711, 0.695044), (0.414944, 0.709405), (0.398784, 0.678363), (0.442745, 0.64814), (0.454951, 0.652051), (0.463707, 0.657447), (0.474414, 0.671317), (0.447961, 0.707483), (0.465925, 0.689081), (0.471199, 0.68019), (0.457994, 0.699303), (0.47033, 0.663568)]
[(0.43164, 0.656266), (0.435301, 0.713337), (0.419871, 0.655356), (0.409795, 0.663374), (0.403426, 0.671583), (0.39566, 0.687025), (0.424346, 0.714034), (0.406149, 0.703356), (0.400206, 0.695499), (0.414524, 0.710562), (0.398615, 0.679107), (0.443007, 0.651546), (0.455004, 0.655574), (0.463377, 0.661083), (0.4731, 0.673708), (0.446936, 0.709178), (0.464556, 0.691311), (0.469805, 0.682653), (0.456811, 0.701182), (0.469481, 0.666865)]
[(0.43124, 0.664292), (0.432482, 0.709823), (0.4196, 0.662867), (0.408678, 0.671048), (0.401634, 0.679668), (0.393486, 0.694593), (0.422203, 0.710638), (0.404135, 0.704451), (0.398035, 0.699853), (0.412588, 0.708852), (0.396459, 0.687314), (0.442134, 0.65956), (0.45298, 0.664042), (0.460001, 0.670579), (0.467348, 0.68493), (0.442773, 0.706983), (0.458895, 0.69575), (0.463864, 0.690622), (0.451752, 0.701937), (0.464849, 0.677558)]
[(0.424244, 0.67164), (0.425989, 0.712417), (0.41332, 0.670093), (0.402988, 0.677937), (0.3963, 0.686245), (0.388571, 0.700523), (0.416145, 0.712821), (0.398858, 0.707513), (0.392968, 0.704347), (0.406955, 0.711038), (0.39141, 0.693494), (0.434344, 0.667188), (0.444329, 0.671892), (0.450728, 0.678221), (0.457604, 0.691482), (0.43549, 0.710147), (0.450058, 0.700532), (0.4544, 0.696188), (0.443713, 0.705839), (0.455116, 0.68467)]
[(0.422691, 0.671611), (0.424888, 0.70942), (0.411883, 0.670618), (0.401797, 0.678994), (0.395481, 0.687795), (0.388757, 0.702587), (0.415443, 0.710227), (0.398781, 0.70701), (0.393069, 0.705243), (0.406588, 0.709252), (0.391082, 0.695461), (0.432876, 0.66703), (0.443008, 0.671692), (0.449462, 0.677981), (0.456477, 0.690954), (0.434156, 0.707098), (0.448563, 0.698415), (0.453042, 0.694977), (0.442253, 0.703043), (0.453906, 0.684378)]
[(0.421467, 0.669922), (0.424496, 0.711207), (0.409754, 0.669417), (0.398978, 0.678825), (0.392371, 0.688521), (0.385377, 0.704572), (0.414115, 0.712712), (0.395914, 0.709284), (0.389863, 0.70725), (0.404368, 0.711808), (0.387731, 0.696992), (0.432382, 0.664412), (0.443489, 0.668674), (0.45048, 0.674892), (0.457751, 0.68797), (0.434756, 0.707834), (0.449955, 0.69636), (0.454407, 0.692117), (0.443442, 0.702371), (0.455226, 0.681325)]
[(0.42738, 0.672349), (0.430277, 0.714888), (0.415799, 0.671931), (0.404766, 0.681391), (0.397929, 0.691312), (0.390673, 0.708018), (0.419844, 0.716273), (0.401433, 0.71294), (0.395245, 0.710815), (0.410026, 0.715421), (0.393116, 0.700079), (0.438043, 0.667233), (0.448798, 0.67174), (0.455437, 0.678673), (0.461997, 0.693496), (0.440246, 0.711804), (0.454909, 0.701439), (0.459009, 0.697441), (0.448667, 0.706908), (0.459838, 0.685972)]
[(0.430046, 0.669949), (0.432717, 0.711999), (0.418941, 0.669089), (0.408722, 0.677911), (0.402319, 0.68718), (0.395364, 0.702456), (0.422908, 0.713039), (0.405565, 0.708512), (0.399743, 0.705886), (0.41367, 0.711728), (0.397796, 0.695221), (0.440469, 0.664661), (0.451, 0.668881), (0.457659, 0.675312), (0.464408, 0.689298), (0.442347, 0.708973), (0.45695, 0.698001), (0.461254, 0.693706), (0.450632, 0.7039), (0.462122, 0.682139)]
[(0.424558, 0.668653), (0.427055, 0.707318), (0.413982, 0.667575), (0.404372, 0.675571), (0.39844, 0.684146), (0.391996, 0.698913), (0.417661, 0.708241), (0.401481, 0.704372), (0.396056, 0.701991), (0.408989, 0.70709), (0.394237, 0.691764), (0.434622, 0.663362), (0.444865, 0.66717), (0.451479, 0.673004), (0.458684, 0.686142), (0.436431, 0.704454), (0.450866, 0.69435), (0.45532, 0.690368), (0.444555, 0.699686), (0.456062, 0.679363)]
[(0.430488, 0.666613), (0.433218, 0.708738), (0.419825, 0.665891), (0.40998, 0.674069), (0.403803, 0.682771), (0.3971, 0.6975), (0.423835, 0.70975), (0.407202, 0.704554), (0.401472, 0.701398), (0.415005, 0.708198), (0.399428, 0.690466), (0.440513, 0.661186), (0.450749, 0.664551), (0.457371, 0.670372), (0.464296, 0.684063), (0.442514, 0.705464), (0.45671, 0.693577), (0.461068, 0.688935), (0.450505, 0.699926), (0.461909, 0.676925)]
[(0.433248, 0.664434), (0.435959, 0.71307), (0.422148, 0.66407), (0.412107, 0.673302), (0.405681, 0.682665), (0.398281, 0.698721), (0.425983, 0.714657), (0.408733, 0.708531), (0.402849, 0.704095), (0.416787, 0.71302), (0.400957, 0.690761), (0.443654, 0.658536), (0.454585, 0.662172), (0.462144, 0.667919), (0.470812, 0.681701), (0.446167, 0.708831), (0.462128, 0.694243), (0.467245, 0.688122), (0.45501, 0.702063), (0.467668, 0.674262)]
[(0.434357, 0.662471), (0.437769, 0.715218), (0.423423, 0.662396), (0.413807, 0.671996), (0.407826, 0.681619), (0.401208, 0.698224), (0.427829, 0.716722), (0.411111, 0.709331), (0.40555, 0.704193), (0.418846, 0.714536), (0.403541, 0.689928), (0.444801, 0.656417), (0.456193, 0.660147), (0.464237, 0.665696), (0.473886, 0.679034), (0.448154, 0.71052), (0.464762, 0.693857), (0.470174, 0.686499), (0.457265, 0.70289), (0.470294, 0.671725)]
[(0.434527, 0.659617), (0.437957, 0.71555), (0.423304, 0.659512), (0.413478, 0.668943), (0.407289, 0.678414), (0.400255, 0.695303), (0.427751, 0.717066), (0.410564, 0.708726), (0.40478, 0.702459), (0.418531, 0.714638), (0.402785, 0.686706), (0.445156, 0.653723), (0.456588, 0.657368), (0.464699, 0.66296), (0.474426, 0.676778), (0.448648, 0.710641), (0.465475, 0.693108), (0.470866, 0.68509), (0.457902, 0.702643), (0.470806, 0.669157)]
[(0.432246, 0.659796), (0.434985, 0.711592), (0.421188, 0.659219), (0.411128, 0.667918), (0.404612, 0.676628), (0.396882, 0.692155), (0.424857, 0.712659), (0.407506, 0.704511), (0.401535, 0.69877), (0.415613, 0.710143), (0.399769, 0.684271), (0.442589, 0.654573), (0.45338, 0.658614), (0.460856, 0.664206), (0.469554, 0.67771), (0.445282, 0.707369), (0.461084, 0.691855), (0.466098, 0.684965), (0.45405, 0.700281), (0.466331, 0.670361)]
[(0.432841, 0.653701), (0.434384, 0.706813), (0.420936, 0.652893), (0.409602, 0.661258), (0.402066, 0.669631), (0.39287, 0.685367), (0.423487, 0.707975), (0.40455, 0.699192), (0.397953, 0.692636), (0.413458, 0.705325), (0.396343, 0.677288), (0.443479, 0.648662), (0.454055, 0.652176), (0.461251, 0.657775), (0.469279, 0.672228), (0.445066, 0.70244), (0.461018, 0.686871), (0.465975, 0.679895), (0.453932, 0.69531), (0.466436, 0.664346)]
[(0.432928, 0.654146), (0.434944, 0.707795), (0.421513, 0.653541), (0.41094, 0.662085), (0.403921, 0.670634), (0.395293, 0.686394), (0.424634, 0.709043), (0.406656, 0.70066), (0.400281, 0.694097), (0.41514, 0.706622), (0.398582, 0.678343), (0.443439, 0.648934), (0.454196, 0.65229), (0.461699, 0.657431), (0.470385, 0.670616), (0.445441, 0.703147), (0.46157, 0.686694), (0.466818, 0.679069), (0.454298, 0.695641), (0.467201, 0.663364)]
[(0.430484, 0.657514), (0.433238, 0.710324), (0.419698, 0.6569), (0.409859, 0.665277), (0.403474, 0.673871), (0.39581, 0.68943), (0.423292, 0.711441), (0.406332, 0.703293), (0.40043, 0.69686), (0.414276, 0.709052), (0.398646, 0.681472), (0.440693, 0.652401), (0.451581, 0.65632), (0.459384, 0.661831), (0.468846, 0.675678), (0.443626, 0.705893), (0.459852, 0.690448), (0.465189, 0.683399), (0.452531, 0.698765), (0.465306, 0.668119)]
[(0.430491, 0.659961), (0.433194, 0.707801), (0.419425, 0.659763), (0.40956, 0.669091), (0.40337, 0.678496), (0.396266, 0.694457), (0.423462, 0.70914), (0.406519, 0.703591), (0.400776, 0.699538), (0.414416, 0.707645), (0.398833, 0.686793), (0.441224, 0.655122), (0.452664, 0.659616), (0.460369, 0.665868), (0.468614, 0.679605), (0.443519, 0.704123), (0.459766, 0.690953), (0.464974, 0.685494), (0.45251, 0.697989), (0.46579, 0.672488)]
[(0.434668, 0.664329), (0.436647, 0.708978), (0.423571, 0.664561), (0.413367, 0.674383), (0.406861, 0.683858), (0.399142, 0.700007), (0.426696, 0.710637), (0.409368, 0.706822), (0.40363, 0.70388), (0.417411, 0.709849), (0.402008, 0.692175), (0.445229, 0.659786), (0.456337, 0.664367), (0.463609, 0.670839), (0.470876, 0.684906), (0.446839, 0.705491), (0.462649, 0.694099), (0.467548, 0.689661), (0.455659, 0.700059), (0.468571, 0.67757)]
[(0.430511, 0.666947), (0.433031, 0.711148), (0.419291, 0.666184), (0.409091, 0.675495), (0.402658, 0.684989), (0.395291, 0.700736), (0.423085, 0.712186), (0.405691, 0.707678), (0.399841, 0.704712), (0.413787, 0.710964), (0.397974, 0.693188), (0.441222, 0.662267), (0.452501, 0.667597), (0.459899, 0.674642), (0.467623, 0.689085), (0.443262, 0.708341), (0.459231, 0.697989), (0.464145, 0.693729), (0.452194, 0.703573), (0.464973, 0.681748)]
[(0.429606, 0.664489), (0.43118, 0.708186), (0.418111, 0.662606), (0.407274, 0.67034), (0.400141, 0.678632), (0.391811, 0.693097), (0.42112, 0.708908), (0.40303, 0.70238), (0.396653, 0.698193), (0.411577, 0.706883), (0.394898, 0.685992), (0.440213, 0.658585), (0.4508, 0.662135), (0.457709, 0.66807), (0.464919, 0.682133), (0.441034, 0.705043), (0.456428, 0.69294), (0.461337, 0.687789), (0.449591, 0.699533), (0.46241, 0.67471)]
[(0.427551, 0.66472), (0.428568, 0.707662), (0.415946, 0.662533), (0.40482, 0.669735), (0.397566, 0.677881), (0.389391, 0.692442), (0.418414, 0.708182), (0.400452, 0.701561), (0.394147, 0.697351), (0.408904, 0.706011), (0.392297, 0.685247), (0.438232, 0.65877), (0.448801, 0.66225), (0.455685, 0.66838), (0.462879, 0.683573), (0.438473, 0.704633), (0.45406, 0.693482), (0.459115, 0.688855), (0.447091, 0.699439), (0.460423, 0.675614)]
[(0.428105, 0.66301), (0.429924, 0.709489), (0.416704, 0.660983), (0.405846, 0.668552), (0.398765, 0.676892), (0.390821, 0.691356), (0.419783, 0.709782), (0.401747, 0.701805), (0.395503, 0.69692), (0.410227, 0.707122), (0.393649, 0.684247), (0.438793, 0.657743), (0.449528, 0.662022), (0.456498, 0.668472), (0.463655, 0.683261), (0.439885, 0.706593), (0.455329, 0.694263), (0.460141, 0.68894), (0.448521, 0.701072), (0.461209, 0.675561)]
[(0.428006, 0.666112), (0.429958, 0.709197), (0.416848, 0.664542), (0.406674, 0.673266), (0.400195, 0.682419), (0.392818, 0.697378), (0.420217, 0.709747), (0.403103, 0.704388), (0.397288, 0.701309), (0.411084, 0.708057), (0.395532, 0.690279), (0.438642, 0.661471), (0.449433, 0.666809), (0.456365, 0.673934), (0.463393, 0.688122), (0.439819, 0.706755), (0.455172, 0.696656), (0.459909, 0.692608), (0.448416, 0.702119), (0.460982, 0.681035)]
[(0.425884, 0.670936), (0.42839, 0.713387), (0.41493, 0.669801), (0.405027, 0.678431), (0.39889, 0.687687), (0.39225, 0.702939), (0.418661, 0.714094), (0.402021, 0.709146), (0.396494, 0.706382), (0.409721, 0.712558), (0.39456, 0.695654), (0.436412, 0.665775), (0.447515, 0.670632), (0.454915, 0.677454), (0.463011, 0.691812), (0.438445, 0.710661), (0.454403, 0.700442), (0.45938, 0.696235), (0.447325, 0.705991), (0.460142, 0.684534)]
[(0.428848, 0.665214), (0.431443, 0.710579), (0.41747, 0.664159), (0.407029, 0.672949), (0.400348, 0.682085), (0.392644, 0.697397), (0.421257, 0.711555), (0.403441, 0.705474), (0.397326, 0.701829), (0.411789, 0.709657), (0.395462, 0.689936), (0.439444, 0.659789), (0.45043, 0.664229), (0.457785, 0.670336), (0.465873, 0.683288), (0.441602, 0.707199), (0.457341, 0.694229), (0.46229, 0.688765), (0.450399, 0.701308), (0.462947, 0.676548)]
[(0.429687, 0.657238), (0.433834, 0.711981), (0.419421, 0.658009), (0.410582, 0.666693), (0.405464, 0.675827), (0.400328, 0.693472), (0.424085, 0.712713), (0.408588, 0.704476), (0.403773, 0.699167), (0.41564, 0.709767), (0.401927, 0.684235), (0.439829, 0.653264), (0.451309, 0.657607), (0.45967, 0.663032), (0.469742, 0.676399), (0.444505, 0.707647), (0.461266, 0.691226), (0.466504, 0.683803), (0.45371, 0.700157), (0.465935, 0.668978)]
[(0.428509, 0.655758), (0.431672, 0.709545), (0.418541, 0.655542), (0.409866, 0.663182), (0.404551, 0.671541), (0.398726, 0.68776), (0.422189, 0.709964), (0.407065, 0.700766), (0.402278, 0.694546), (0.413943, 0.706773), (0.400731, 0.679297), (0.438468, 0.651855), (0.449415, 0.656174), (0.457416, 0.661755), (0.46706, 0.67563), (0.442092, 0.705528), (0.458418, 0.689972), (0.463654, 0.682952), (0.45104, 0.69837), (0.463468, 0.668037)]
[(0.427384, 0.655806), (0.43067, 0.711106), (0.417699, 0.655543), (0.409402, 0.662659), (0.404402, 0.670816), (0.399104, 0.687253), (0.421349, 0.711226), (0.406884, 0.701334), (0.402404, 0.694537), (0.413414, 0.707726), (0.400864, 0.678644), (0.437283, 0.652264), (0.448404, 0.656684), (0.456616, 0.662357), (0.466505, 0.67654), (0.441189, 0.707202), (0.457762, 0.691508), (0.463102, 0.684158), (0.450243, 0.700008), (0.46288, 0.668782)]
[(0.435005, 0.664217), (0.439389, 0.714915), (0.424782, 0.663775), (0.416112, 0.670901), (0.410915, 0.678624), (0.405656, 0.6933), (0.429172, 0.714863), (0.413439, 0.705048), (0.408853, 0.699209), (0.420448, 0.711174), (0.407388, 0.685638), (0.445136, 0.659589), (0.456415, 0.663057), (0.464717, 0.667407), (0.475009, 0.67863), (0.450234, 0.711215), (0.467235, 0.694584), (0.472091, 0.686309), (0.459726, 0.704125), (0.471137, 0.672219)]
[(0.429011, 0.663003), (0.431654, 0.712724), (0.417933, 0.661642), (0.407794, 0.668544), (0.40122, 0.676019), (0.393662, 0.689923), (0.421113, 0.71267), (0.403785, 0.703207), (0.398021, 0.69696), (0.411775, 0.709318), (0.396423, 0.682664), (0.439742, 0.658474), (0.451077, 0.662518), (0.459163, 0.667784), (0.468702, 0.681012), (0.442551, 0.709496), (0.45967, 0.695413), (0.465046, 0.688401), (0.452036, 0.703344), (0.465168, 0.673737)]
[(0.440018, 0.669251), (0.439, 0.715538), (0.428026, 0.6677), (0.415095, 0.676418), (0.405948, 0.684702), (0.394295, 0.698082), (0.427562, 0.715814), (0.406878, 0.708248), (0.399666, 0.703407), (0.416636, 0.713287), (0.398854, 0.691507), (0.450283, 0.665839), (0.459874, 0.671579), (0.465794, 0.678696), (0.470773, 0.692575), (0.449174, 0.712884), (0.463792, 0.702184), (0.467905, 0.697492), (0.457515, 0.708013), (0.469472, 0.685623)]
[(0.432081, 0.672538), (0.432938, 0.714936), (0.420308, 0.671175), (0.4086, 0.680278), (0.400733, 0.689364), (0.391129, 0.704185), (0.422073, 0.715746), (0.4027, 0.711178), (0.396103, 0.708064), (0.411768, 0.714481), (0.394767, 0.697144), (0.442748, 0.668188), (0.453266, 0.673825), (0.459799, 0.681264), (0.465766, 0.696011), (0.443294, 0.712427), (0.458528, 0.703523), (0.462784, 0.699857), (0.451989, 0.708325), (0.463993, 0.688698)]
[(0.429887, 0.674062), (0.430407, 0.717071), (0.417328, 0.673066), (0.404463, 0.683141), (0.395961, 0.693314), (0.386202, 0.71001), (0.419028, 0.718199), (0.398415, 0.714863), (0.391383, 0.712784), (0.408111, 0.717336), (0.38974, 0.702098), (0.440883, 0.669403), (0.451305, 0.674981), (0.457382, 0.682983), (0.462479, 0.698916), (0.440657, 0.714503), (0.455612, 0.705961), (0.459638, 0.702534), (0.449244, 0.710546), (0.461109, 0.690997)]
[(0.431437, 0.678344), (0.432151, 0.719277), (0.419142, 0.676797), (0.406362, 0.686341), (0.397766, 0.696191), (0.387684, 0.712359), (0.420999, 0.720221), (0.400413, 0.717107), (0.393151, 0.715187), (0.41019, 0.719421), (0.391413, 0.70469), (0.442012, 0.673828), (0.451948, 0.67953), (0.45783, 0.687275), (0.463111, 0.701838), (0.441931, 0.71706), (0.456333, 0.70923), (0.460303, 0.705731), (0.450161, 0.713589), (0.461561, 0.694643)]
[(0.427058, 0.677756), (0.428748, 0.720299), (0.414794, 0.676602), (0.402468, 0.686344), (0.394388, 0.696446), (0.385315, 0.713124), (0.417544, 0.721347), (0.397313, 0.71794), (0.390392, 0.715862), (0.406872, 0.720445), (0.388578, 0.705123), (0.437682, 0.672889), (0.44797, 0.678336), (0.454137, 0.686006), (0.459843, 0.700956), (0.438765, 0.717783), (0.453297, 0.708827), (0.457154, 0.704932), (0.447146, 0.713762), (0.45805, 0.693442)]
[(0.422718, 0.677316), (0.425099, 0.719615), (0.410557, 0.676092), (0.398705, 0.685687), (0.391046, 0.695817), (0.382457, 0.712969), (0.413983, 0.720738), (0.394182, 0.717526), (0.387432, 0.715628), (0.403507, 0.719872), (0.385536, 0.704657), (0.43341, 0.671953), (0.444096, 0.67706), (0.450791, 0.684289), (0.457748, 0.69896), (0.435299, 0.71685), (0.450443, 0.707231), (0.454693, 0.703119), (0.443945, 0.712471), (0.455321, 0.691463)]
[(0.424026, 0.674328), (0.425334, 0.715758), (0.411872, 0.673091), (0.399375, 0.682826), (0.391174, 0.693187), (0.382029, 0.71084), (0.414388, 0.716789), (0.394418, 0.714393), (0.387306, 0.713128), (0.4039, 0.716122), (0.385255, 0.702347), (0.4345, 0.669549), (0.444611, 0.67506), (0.450724, 0.682906), (0.456535, 0.698785), (0.434998, 0.713486), (0.449313, 0.705689), (0.453452, 0.702432), (0.44315, 0.709917), (0.454724, 0.690795)]
[(0.430042, 0.676238), (0.430991, 0.719296), (0.417773, 0.674777), (0.404922, 0.684627), (0.396274, 0.69491), (0.386329, 0.711979), (0.419848, 0.720186), (0.399152, 0.716726), (0.39178, 0.714764), (0.409039, 0.719213), (0.389931, 0.703787), (0.440296, 0.671471), (0.449911, 0.677216), (0.455569, 0.685288), (0.460444, 0.701077), (0.44055, 0.717052), (0.454293, 0.708875), (0.457915, 0.705133), (0.448488, 0.713481), (0.459069, 0.69317)]
[(0.418977, 0.677343), (0.421669, 0.720572), (0.406733, 0.676217), (0.39486, 0.685803), (0.387177, 0.695916), (0.378485, 0.712897), (0.410432, 0.721597), (0.390396, 0.71813), (0.383533, 0.715918), (0.399844, 0.72062), (0.381611, 0.704728), (0.429804, 0.672438), (0.44066, 0.677884), (0.44746, 0.685178), (0.454575, 0.699452), (0.432024, 0.718029), (0.447288, 0.70838), (0.45151, 0.703912), (0.440763, 0.713744), (0.452062, 0.692255)]
[(0.423906, 0.675191), (0.42624, 0.716914), (0.412103, 0.673443), (0.400943, 0.682563), (0.393761, 0.692416), (0.38557, 0.708794), (0.415772, 0.717689), (0.39699, 0.714128), (0.390484, 0.711923), (0.405836, 0.716742), (0.38857, 0.700998), (0.434689, 0.670249), (0.445451, 0.676064), (0.452124, 0.683778), (0.458794, 0.698505), (0.436336, 0.714659), (0.451356, 0.706007), (0.455624, 0.70238), (0.444906, 0.710747), (0.456473, 0.691216)]
[(0.422357, 0.67476), (0.424293, 0.718175), (0.410573, 0.672865), (0.399127, 0.681756), (0.391733, 0.691243), (0.383459, 0.706951), (0.413578, 0.718613), (0.394682, 0.71331), (0.388236, 0.710403), (0.403541, 0.716871), (0.386425, 0.699333), (0.432961, 0.669731), (0.443553, 0.675453), (0.450222, 0.682896), (0.457189, 0.697268), (0.434341, 0.71581), (0.449499, 0.706053), (0.453896, 0.701719), (0.442967, 0.71149), (0.454709, 0.690067)]
[(0.418559, 0.675422), (0.421113, 0.716449), (0.406869, 0.673967), (0.395916, 0.682916), (0.389047, 0.692401), (0.381493, 0.708391), (0.410517, 0.717142), (0.392271, 0.713217), (0.386109, 0.711111), (0.400772, 0.715868), (0.38418, 0.700598), (0.429245, 0.66991), (0.440186, 0.675001), (0.447124, 0.681877), (0.454597, 0.695825), (0.43127, 0.713702), (0.446624, 0.704018), (0.451169, 0.699929), (0.439963, 0.709209), (0.45185, 0.688724)]
[(0.419667, 0.675884), (0.421714, 0.715691), (0.408029, 0.674419), (0.396858, 0.683194), (0.389741, 0.692478), (0.381629, 0.708225), (0.411129, 0.716335), (0.392671, 0.712859), (0.386343, 0.710945), (0.401315, 0.715235), (0.384572, 0.70047), (0.430118, 0.670923), (0.44064, 0.676055), (0.447271, 0.682964), (0.454175, 0.697072), (0.431685, 0.713205), (0.446548, 0.704608), (0.450895, 0.70095), (0.440135, 0.709206), (0.451718, 0.689852)]
[(0.422416, 0.674033), (0.424676, 0.716134), (0.411173, 0.671926), (0.400832, 0.680003), (0.394264, 0.688714), (0.38688, 0.70326), (0.414474, 0.71632), (0.397087, 0.710698), (0.391275, 0.707378), (0.405163, 0.714493), (0.389567, 0.696144), (0.433243, 0.669198), (0.444493, 0.674914), (0.451959, 0.681922), (0.460328, 0.696056), (0.435098, 0.713936), (0.451468, 0.704798), (0.456566, 0.700631), (0.444238, 0.709855), (0.457197, 0.688879)]
[(0.44001, 0.673316), (0.441021, 0.709522), (0.429418, 0.67241), (0.419084, 0.679495), (0.412268, 0.686764), (0.403942, 0.699896), (0.430925, 0.710292), (0.413753, 0.706708), (0.408105, 0.703726), (0.421715, 0.709364), (0.407064, 0.69322), (0.449846, 0.669385), (0.459742, 0.673217), (0.466391, 0.67843), (0.473528, 0.690727), (0.450908, 0.706854), (0.465953, 0.698536), (0.47048, 0.694899), (0.459306, 0.702905), (0.471162, 0.68419)]
[(0.428739, 0.665561), (0.431217, 0.710741), (0.417426, 0.663933), (0.407051, 0.671513), (0.400478, 0.679719), (0.393113, 0.694204), (0.420809, 0.711094), (0.403289, 0.703574), (0.397475, 0.699188), (0.411393, 0.708454), (0.395722, 0.686917), (0.439543, 0.660449), (0.450826, 0.66487), (0.458559, 0.670574), (0.467388, 0.68352), (0.441837, 0.707515), (0.45845, 0.694633), (0.463691, 0.689097), (0.451067, 0.701665), (0.464167, 0.676627)]
[(0.430984, 0.666829), (0.434748, 0.711703), (0.420225, 0.666233), (0.411189, 0.673702), (0.405627, 0.681558), (0.3996, 0.695583), (0.424722, 0.712523), (0.408548, 0.705234), (0.403468, 0.700651), (0.415907, 0.710095), (0.401679, 0.688399), (0.441684, 0.660795), (0.453458, 0.663606), (0.461913, 0.66774), (0.472342, 0.678593), (0.445545, 0.707684), (0.463065, 0.692382), (0.468605, 0.685316), (0.455185, 0.700833), (0.468375, 0.672357)]
[(0.426496, 0.671268), (0.430499, 0.714459), (0.415156, 0.67047), (0.405338, 0.678545), (0.399119, 0.686903), (0.391989, 0.70102), (0.420191, 0.715806), (0.402544, 0.709552), (0.396636, 0.705621), (0.410739, 0.713835), (0.394584, 0.694076), (0.437262, 0.664599), (0.448762, 0.667385), (0.45688, 0.671715), (0.466943, 0.681928), (0.441094, 0.710181), (0.457761, 0.6948), (0.463081, 0.688269), (0.450369, 0.703059), (0.462992, 0.676303)]
[(0.424698, 0.666987), (0.428389, 0.712014), (0.412656, 0.665657), (0.401648, 0.674049), (0.394617, 0.682883), (0.386672, 0.697931), (0.41743, 0.71311), (0.398327, 0.706657), (0.391708, 0.702591), (0.4073, 0.711048), (0.389504, 0.690485), (0.435558, 0.660407), (0.446964, 0.663758), (0.454755, 0.668984), (0.463855, 0.681321), (0.439049, 0.707988), (0.455213, 0.693564), (0.460209, 0.687366), (0.448128, 0.701343), (0.460403, 0.674675)]
[(0.425697, 0.664578), (0.428837, 0.71136), (0.413962, 0.664024), (0.403645, 0.673908), (0.397233, 0.68382), (0.390032, 0.699877), (0.418509, 0.712527), (0.400711, 0.707034), (0.394695, 0.703876), (0.408983, 0.710783), (0.392602, 0.692213), (0.436949, 0.658873), (0.449112, 0.663572), (0.457335, 0.669939), (0.466307, 0.683353), (0.43972, 0.707665), (0.456914, 0.694261), (0.462401, 0.688858), (0.449247, 0.701401), (0.463119, 0.676411)]
[(0.424791, 0.668942), (0.427926, 0.713648), (0.413285, 0.668182), (0.402975, 0.677709), (0.396537, 0.687459), (0.389412, 0.70322), (0.417669, 0.714613), (0.399982, 0.70976), (0.393993, 0.70695), (0.40822, 0.713104), (0.391912, 0.695674), (0.435766, 0.663487), (0.447609, 0.668391), (0.455658, 0.674995), (0.464641, 0.688892), (0.438518, 0.710412), (0.455415, 0.698755), (0.460778, 0.69391), (0.447889, 0.705053), (0.461387, 0.681718)]
[(0.423802, 0.673193), (0.426737, 0.715683), (0.412265, 0.672467), (0.401984, 0.682013), (0.395692, 0.691871), (0.388982, 0.707848), (0.416495, 0.716841), (0.399104, 0.713161), (0.393354, 0.710962), (0.407144, 0.715843), (0.391274, 0.700227), (0.434787, 0.667344), (0.446597, 0.672065), (0.454513, 0.678772), (0.463412, 0.692993), (0.437287, 0.712559), (0.454244, 0.702008), (0.459589, 0.697607), (0.446695, 0.7077), (0.460173, 0.685682)]
[(0.426355, 0.668265), (0.428864, 0.711686), (0.414504, 0.666537), (0.403683, 0.674042), (0.396665, 0.681913), (0.388479, 0.695368), (0.418144, 0.71231), (0.399724, 0.705135), (0.393385, 0.70062), (0.408337, 0.709937), (0.391499, 0.688655), (0.437448, 0.662288), (0.448865, 0.665867), (0.456716, 0.671067), (0.465996, 0.683276), (0.439614, 0.708286), (0.456573, 0.695154), (0.462033, 0.689309), (0.449031, 0.702354), (0.462489, 0.676732)]
[(0.428422, 0.659707), (0.43143, 0.713737), (0.416473, 0.658765), (0.405742, 0.667114), (0.398955, 0.675901), (0.391271, 0.691527), (0.420243, 0.714569), (0.401928, 0.705434), (0.395885, 0.698834), (0.410347, 0.711644), (0.39405, 0.683613), (0.439976, 0.654341), (0.452236, 0.658333), (0.460903, 0.663982), (0.47125, 0.677232), (0.443284, 0.7095), (0.461659, 0.693116), (0.467407, 0.685348), (0.453487, 0.702071), (0.467362, 0.670102)]
[(0.429611, 0.658817), (0.431193, 0.712181), (0.417423, 0.65826), (0.406033, 0.666692), (0.398556, 0.674765), (0.389518, 0.689559), (0.419726, 0.713512), (0.400495, 0.704538), (0.394135, 0.697345), (0.409442, 0.710875), (0.392921, 0.681966), (0.440961, 0.653539), (0.452348, 0.657156), (0.460342, 0.662282), (0.469578, 0.674778), (0.442819, 0.707703), (0.460581, 0.690912), (0.466015, 0.68307), (0.45268, 0.70008), (0.466154, 0.667986)]
[(0.429237, 0.656729), (0.430575, 0.711423), (0.417426, 0.656007), (0.406505, 0.663876), (0.399344, 0.671504), (0.390688, 0.68571), (0.41961, 0.712441), (0.401363, 0.702326), (0.395255, 0.694348), (0.409848, 0.709379), (0.393949, 0.678316), (0.440285, 0.651605), (0.451524, 0.654986), (0.459488, 0.660024), (0.468824, 0.673265), (0.441993, 0.707029), (0.459638, 0.690188), (0.465173, 0.682105), (0.451712, 0.699447), (0.465356, 0.66598)]
[(0.427749, 0.66143), (0.429929, 0.712895), (0.416028, 0.660639), (0.405431, 0.668935), (0.398729, 0.677253), (0.391109, 0.692006), (0.419075, 0.713884), (0.401364, 0.705386), (0.395564, 0.699023), (0.409494, 0.711287), (0.393864, 0.684487), (0.439065, 0.655771), (0.451075, 0.659596), (0.459626, 0.664862), (0.470149, 0.677858), (0.4414, 0.708717), (0.459894, 0.693115), (0.465946, 0.685728), (0.451515, 0.701668), (0.466139, 0.670795)]
[(0.422616, 0.666765), (0.425812, 0.716051), (0.410941, 0.665009), (0.400515, 0.673346), (0.394147, 0.682592), (0.38756, 0.698722), (0.415193, 0.716505), (0.397641, 0.708774), (0.391909, 0.703997), (0.405714, 0.713903), (0.389772, 0.690744), (0.433695, 0.660945), (0.445658, 0.665684), (0.453903, 0.672074), (0.463532, 0.686163), (0.436784, 0.712758), (0.454228, 0.699178), (0.459702, 0.692716), (0.446456, 0.706769), (0.459957, 0.678761)]
[(0.424873, 0.672433), (0.427172, 0.716034), (0.413543, 0.670638), (0.403376, 0.678644), (0.397116, 0.687498), (0.390264, 0.702505), (0.417065, 0.716608), (0.400058, 0.710777), (0.39448, 0.70702), (0.407902, 0.714789), (0.392673, 0.695155), (0.435799, 0.666919), (0.447352, 0.671712), (0.455141, 0.678317), (0.46408, 0.692677), (0.437746, 0.713175), (0.454791, 0.702531), (0.460207, 0.697778), (0.447152, 0.708356), (0.460783, 0.685248)]
[(0.419051, 0.67413), (0.421514, 0.715659), (0.407416, 0.672438), (0.396714, 0.680994), (0.39014, 0.690433), (0.383088, 0.706739), (0.411074, 0.716209), (0.393343, 0.712281), (0.387473, 0.709919), (0.401544, 0.71498), (0.385509, 0.698785), (0.430138, 0.669108), (0.441789, 0.674679), (0.449381, 0.681823), (0.457852, 0.69626), (0.432116, 0.713319), (0.448852, 0.704472), (0.454024, 0.70052), (0.441447, 0.709313), (0.454762, 0.68894)]
[(0.418139, 0.67443), (0.420145, 0.713768), (0.406603, 0.673141), (0.395856, 0.682004), (0.389309, 0.69146), (0.38236, 0.707638), (0.409886, 0.714475), (0.392383, 0.711934), (0.386619, 0.710231), (0.400491, 0.713794), (0.384718, 0.699796), (0.429042, 0.669962), (0.440388, 0.675698), (0.447658, 0.682864), (0.455702, 0.697119), (0.430478, 0.711737), (0.446873, 0.704334), (0.451924, 0.700931), (0.439609, 0.708389), (0.452804, 0.68997)]
[(0.415966, 0.665514), (0.417937, 0.705474), (0.404485, 0.663921), (0.393517, 0.6716), (0.386659, 0.68019), (0.379787, 0.69584), (0.407678, 0.705901), (0.39009, 0.701923), (0.384192, 0.699196), (0.398247, 0.704648), (0.381988, 0.688183), (0.42663, 0.660944), (0.437644, 0.665864), (0.444662, 0.672419), (0.452355, 0.686641), (0.427952, 0.703307), (0.443733, 0.695011), (0.448656, 0.69106), (0.436697, 0.699595), (0.449626, 0.679442)]
[(0.431319, 0.666444), (0.433587, 0.712401), (0.420758, 0.665554), (0.411241, 0.673043), (0.4054, 0.681302), (0.399459, 0.696356), (0.423615, 0.712694), (0.407741, 0.70553), (0.402926, 0.701059), (0.414893, 0.710134), (0.401404, 0.688806), (0.441598, 0.662183), (0.452643, 0.666686), (0.460305, 0.672424), (0.469102, 0.684975), (0.443991, 0.709492), (0.460642, 0.69693), (0.4657, 0.690827), (0.4532, 0.704033), (0.46597, 0.678322)]
[(0.431898, 0.663943), (0.434789, 0.713259), (0.42125, 0.662974), (0.411886, 0.670912), (0.4061, 0.679414), (0.399992, 0.694196), (0.424833, 0.713649), (0.408898, 0.704992), (0.403881, 0.699776), (0.41613, 0.710604), (0.4021, 0.686787), (0.442353, 0.658782), (0.45387, 0.66316), (0.462157, 0.668601), (0.472296, 0.680831), (0.445296, 0.709836), (0.462685, 0.69494), (0.46835, 0.687744), (0.454795, 0.703371), (0.468496, 0.674215)]
[(0.43254, 0.666161), (0.435654, 0.713518), (0.421983, 0.666044), (0.412982, 0.675128), (0.407586, 0.684503), (0.40174, 0.700442), (0.425985, 0.714519), (0.410493, 0.708853), (0.405617, 0.704995), (0.417522, 0.712796), (0.403754, 0.692516), (0.443154, 0.661187), (0.45534, 0.666191), (0.464088, 0.672471), (0.47474, 0.686203), (0.446367, 0.710208), (0.464541, 0.697902), (0.470613, 0.69215), (0.456187, 0.704677), (0.470814, 0.678828)]
[(0.42581, 0.672169), (0.429316, 0.715365), (0.414325, 0.671421), (0.404204, 0.68056), (0.397997, 0.690195), (0.391178, 0.706566), (0.418836, 0.716328), (0.401288, 0.712086), (0.395538, 0.709657), (0.409367, 0.715027), (0.393567, 0.698528), (0.436645, 0.666619), (0.448351, 0.671341), (0.456323, 0.677804), (0.465599, 0.691891), (0.439968, 0.712284), (0.456744, 0.701341), (0.46191, 0.69659), (0.449328, 0.707295), (0.462121, 0.684504)]
[(0.421593, 0.673083), (0.424006, 0.710658), (0.409528, 0.67255), (0.398086, 0.681683), (0.391022, 0.6914), (0.38355, 0.708188), (0.413464, 0.712079), (0.394889, 0.711108), (0.38846, 0.710181), (0.403595, 0.71204), (0.38605, 0.700238), (0.432738, 0.668099), (0.444054, 0.672716), (0.451125, 0.679493), (0.458597, 0.694124), (0.434189, 0.708156), (0.449926, 0.700535), (0.454839, 0.697618), (0.443002, 0.704498), (0.456039, 0.686756)]
[(0.412684, 0.684403), (0.415443, 0.721376), (0.400768, 0.683864), (0.389656, 0.692439), (0.382605, 0.701264), (0.374623, 0.716205), (0.404498, 0.722929), (0.385581, 0.720799), (0.379326, 0.718849), (0.39437, 0.722567), (0.377501, 0.709168), (0.423726, 0.679119), (0.434583, 0.682829), (0.441357, 0.688604), (0.448938, 0.700795), (0.425744, 0.718656), (0.441151, 0.709327), (0.445605, 0.705104), (0.434506, 0.714363), (0.446124, 0.694642)]
[(0.41541, 0.6779), (0.417988, 0.71486), (0.403935, 0.677442), (0.393269, 0.686432), (0.386687, 0.695649), (0.379531, 0.710969), (0.407703, 0.716055), (0.389867, 0.714224), (0.383928, 0.713002), (0.39816, 0.715663), (0.382026, 0.703697), (0.426216, 0.673398), (0.437132, 0.678289), (0.443981, 0.684791), (0.451401, 0.697767), (0.428069, 0.71235), (0.443375, 0.704268), (0.447921, 0.701159), (0.436725, 0.708463), (0.448684, 0.691318)]
[(0.423013, 0.670606), (0.42573, 0.711606), (0.411659, 0.669411), (0.401176, 0.678323), (0.394642, 0.68798), (0.387673, 0.704142), (0.415855, 0.71271), (0.398284, 0.709168), (0.392245, 0.707088), (0.406522, 0.711751), (0.390049, 0.696576), (0.433606, 0.665198), (0.444367, 0.669925), (0.451236, 0.676746), (0.458495, 0.691156), (0.435505, 0.708888), (0.450511, 0.699083), (0.455083, 0.695285), (0.44397, 0.704343), (0.455947, 0.683913)]
[(0.428543, 0.666261), (0.431617, 0.713792), (0.417812, 0.665449), (0.408556, 0.673363), (0.402813, 0.68157), (0.39629, 0.695756), (0.421902, 0.714803), (0.405706, 0.706835), (0.400386, 0.701577), (0.413166, 0.712239), (0.398667, 0.688709), (0.438938, 0.660145), (0.449893, 0.663115), (0.457573, 0.667858), (0.466896, 0.679498), (0.441851, 0.709526), (0.458081, 0.693615), (0.463279, 0.686577), (0.450809, 0.702265), (0.463321, 0.67317)]
[(0.430092, 0.659168), (0.433328, 0.713629), (0.420304, 0.659712), (0.412037, 0.667676), (0.407223, 0.676011), (0.40225, 0.691809), (0.424091, 0.71422), (0.409755, 0.704872), (0.405361, 0.698476), (0.416263, 0.710931), (0.403892, 0.683494), (0.439889, 0.655152), (0.450705, 0.659083), (0.458665, 0.664177), (0.468526, 0.676846), (0.443687, 0.709176), (0.459999, 0.692307), (0.465227, 0.684691), (0.452577, 0.701361), (0.464738, 0.669843)]
[(0.424851, 0.653421), (0.426402, 0.705262), (0.414457, 0.652459), (0.404712, 0.659608), (0.398653, 0.667629), (0.392281, 0.684022), (0.416485, 0.705939), (0.400691, 0.697239), (0.395757, 0.690889), (0.407868, 0.703116), (0.394389, 0.675346), (0.434673, 0.649079), (0.444626, 0.652701), (0.451449, 0.658328), (0.45943, 0.674086), (0.436289, 0.701459), (0.451442, 0.687459), (0.456201, 0.680987), (0.444708, 0.695078), (0.456483, 0.665409)]
[(0.425455, 0.652552), (0.42684, 0.705828), (0.414436, 0.650941), (0.403697, 0.65853), (0.39684, 0.667188), (0.389326, 0.68466), (0.416015, 0.706306), (0.398605, 0.697518), (0.393139, 0.691254), (0.406516, 0.703406), (0.391902, 0.675647), (0.435489, 0.648534), (0.445328, 0.653367), (0.451885, 0.660054), (0.459261, 0.677305), (0.437014, 0.702628), (0.451973, 0.68975), (0.456313, 0.683495), (0.445521, 0.696949), (0.456603, 0.668127)]
[(0.430685, 0.658392), (0.432661, 0.712616), (0.41988, 0.657711), (0.409805, 0.667488), (0.40339, 0.677344), (0.395963, 0.69432), (0.42268, 0.713659), (0.405874, 0.705647), (0.400259, 0.700234), (0.41367, 0.711121), (0.398646, 0.685868), (0.440718, 0.653395), (0.451427, 0.658401), (0.458888, 0.665162), (0.467419, 0.680477), (0.442751, 0.708635), (0.458686, 0.693806), (0.463835, 0.687172), (0.451519, 0.701889), (0.464381, 0.672393)]
[(0.429527, 0.66163), (0.432182, 0.711676), (0.418257, 0.66102), (0.407925, 0.670585), (0.401447, 0.680478), (0.394358, 0.697327), (0.422131, 0.712799), (0.404762, 0.706388), (0.398888, 0.702216), (0.412857, 0.710885), (0.396833, 0.689162), (0.440183, 0.656006), (0.451552, 0.660446), (0.459262, 0.667139), (0.467749, 0.682425), (0.442406, 0.708091), (0.458773, 0.694558), (0.464028, 0.688565), (0.451413, 0.702029), (0.464782, 0.674404)]
[(0.424778, 0.670916), (0.42709, 0.712764), (0.413417, 0.669415), (0.402992, 0.677618), (0.396331, 0.686401), (0.388637, 0.70135), (0.416807, 0.713331), (0.399162, 0.708537), (0.393196, 0.705355), (0.407374, 0.711909), (0.391466, 0.694071), (0.435659, 0.665973), (0.446976, 0.671094), (0.454543, 0.67786), (0.462965, 0.692413), (0.437524, 0.710302), (0.453988, 0.701085), (0.459159, 0.696928), (0.446677, 0.706136), (0.459877, 0.684961)]
[(0.421159, 0.670852), (0.423252, 0.709155), (0.409982, 0.669718), (0.399376, 0.678523), (0.392794, 0.687782), (0.385676, 0.703522), (0.413275, 0.710032), (0.395964, 0.707542), (0.390092, 0.705977), (0.404031, 0.709392), (0.388121, 0.695944), (0.431587, 0.666192), (0.442058, 0.671307), (0.448717, 0.678186), (0.455868, 0.692716), (0.43283, 0.706992), (0.447761, 0.699528), (0.452374, 0.696443), (0.441229, 0.703523), (0.453333, 0.685393)]
[(0.425429, 0.672392), (0.427055, 0.713411), (0.413939, 0.671716), (0.403261, 0.681598), (0.396679, 0.691708), (0.38956, 0.707828), (0.417129, 0.714677), (0.399738, 0.712071), (0.393944, 0.710325), (0.407825, 0.714177), (0.392043, 0.700298), (0.436197, 0.667651), (0.447199, 0.673186), (0.454113, 0.680724), (0.461047, 0.695129), (0.437077, 0.710736), (0.452742, 0.701982), (0.45751, 0.698769), (0.44583, 0.706569), (0.458745, 0.688079)]
[(0.421964, 0.673844), (0.424332, 0.712592), (0.410209, 0.673371), (0.39946, 0.682888), (0.392986, 0.692781), (0.386262, 0.709042), (0.414169, 0.71395), (0.396596, 0.712073), (0.390723, 0.710958), (0.404737, 0.713638), (0.388513, 0.701353), (0.433115, 0.668778), (0.444598, 0.673766), (0.451855, 0.680787), (0.459442, 0.694751), (0.434651, 0.709683), (0.45071, 0.700936), (0.455667, 0.698003), (0.443646, 0.705365), (0.456802, 0.687806)]
[(0.425963, 0.667031), (0.428535, 0.709004), (0.414424, 0.666085), (0.403967, 0.674838), (0.397472, 0.684229), (0.390522, 0.700005), (0.418654, 0.710238), (0.401108, 0.706162), (0.395109, 0.703522), (0.409322, 0.709199), (0.392897, 0.692583), (0.437009, 0.661102), (0.448433, 0.664928), (0.455898, 0.671172), (0.46395, 0.68505), (0.438654, 0.705799), (0.4549, 0.694488), (0.460096, 0.68992), (0.447635, 0.700601), (0.461139, 0.677937)]
[(0.42648, 0.657661), (0.428933, 0.707965), (0.415415, 0.656678), (0.405188, 0.664616), (0.39871, 0.673077), (0.391549, 0.688466), (0.418893, 0.708499), (0.401845, 0.699977), (0.396048, 0.694573), (0.409765, 0.705591), (0.394114, 0.680764), (0.436818, 0.653015), (0.447369, 0.657072), (0.454433, 0.66303), (0.462228, 0.67732), (0.438967, 0.704276), (0.454074, 0.690069), (0.458852, 0.683994), (0.447418, 0.697706), (0.459454, 0.669763)]
[(0.431513, 0.661795), (0.440421, 0.718685), (0.421345, 0.661838), (0.413474, 0.669545), (0.409526, 0.678052), (0.407056, 0.695113), (0.430118, 0.718158), (0.414513, 0.706552), (0.410074, 0.700599), (0.421478, 0.71357), (0.407377, 0.685841), (0.441828, 0.656899), (0.454113, 0.660024), (0.46332, 0.663981), (0.475416, 0.675766), (0.451425, 0.714351), (0.468418, 0.69415), (0.473006, 0.684395), (0.461003, 0.70581), (0.470625, 0.668591)]
[(0.428207, 0.653584), (0.431894, 0.713214), (0.417675, 0.653404), (0.408416, 0.661003), (0.40295, 0.669192), (0.3976, 0.685883), (0.421417, 0.713201), (0.405377, 0.70111), (0.400692, 0.693448), (0.412559, 0.708814), (0.399271, 0.676837), (0.438362, 0.649944), (0.449267, 0.654657), (0.45718, 0.660179), (0.467182, 0.674763), (0.442862, 0.709042), (0.459428, 0.691246), (0.464239, 0.682824), (0.452111, 0.701199), (0.463234, 0.666639)]
[(0.430121, 0.661188), (0.436036, 0.718196), (0.420983, 0.661452), (0.413727, 0.668832), (0.410122, 0.676603), (0.407482, 0.691578), (0.426641, 0.717336), (0.413089, 0.70548), (0.409538, 0.698239), (0.419111, 0.712718), (0.40801, 0.68321), (0.439548, 0.657738), (0.450774, 0.662124), (0.459522, 0.666684), (0.47105, 0.679614), (0.446542, 0.714625), (0.463615, 0.697296), (0.468477, 0.688164), (0.455894, 0.707407), (0.466533, 0.672004)]
[(0.428536, 0.654159), (0.430718, 0.708093), (0.418529, 0.652691), (0.409164, 0.659115), (0.403274, 0.666364), (0.396731, 0.681263), (0.420734, 0.707507), (0.404905, 0.696604), (0.400059, 0.68907), (0.412111, 0.703588), (0.399052, 0.67336), (0.438074, 0.651615), (0.447966, 0.65676), (0.455111, 0.662381), (0.463766, 0.676232), (0.440743, 0.705457), (0.456184, 0.691535), (0.460786, 0.683916), (0.449356, 0.699659), (0.460511, 0.668792)]
[(0.428468, 0.651294), (0.43027, 0.703839), (0.41821, 0.650388), (0.408396, 0.65748), (0.40211, 0.665256), (0.394943, 0.680816), (0.420082, 0.703724), (0.403763, 0.6946), (0.398622, 0.687938), (0.411215, 0.700571), (0.397534, 0.672796), (0.438046, 0.649031), (0.447743, 0.654389), (0.45459, 0.660272), (0.462849, 0.674756), (0.440253, 0.701252), (0.455345, 0.688859), (0.45986, 0.681948), (0.448714, 0.696062), (0.459757, 0.667127)]
[(0.434428, 0.660382), (0.437935, 0.713621), (0.423934, 0.659842), (0.41487, 0.66821), (0.409318, 0.676796), (0.403202, 0.692451), (0.427938, 0.714114), (0.411855, 0.704466), (0.406889, 0.698587), (0.419151, 0.710653), (0.405408, 0.684467), (0.444479, 0.655402), (0.45519, 0.659447), (0.462646, 0.664775), (0.471545, 0.677581), (0.448168, 0.709791), (0.46392, 0.693111), (0.468514, 0.685107), (0.457027, 0.702548), (0.468183, 0.670508)]
[(0.431783, 0.662847), (0.43495, 0.711883), (0.420525, 0.661865), (0.410719, 0.669909), (0.404513, 0.678347), (0.397435, 0.693319), (0.424466, 0.712745), (0.4072, 0.704467), (0.401635, 0.699146), (0.415133, 0.709988), (0.40003, 0.685761), (0.442681, 0.656921), (0.454265, 0.660397), (0.462467, 0.665218), (0.472565, 0.676931), (0.445844, 0.708013), (0.463342, 0.692016), (0.468813, 0.6843), (0.455516, 0.701024), (0.468679, 0.670409)]
[(0.42602, 0.661096), (0.428256, 0.709939), (0.414153, 0.659878), (0.40308, 0.667892), (0.395943, 0.676135), (0.387799, 0.691351), (0.417299, 0.710704), (0.398755, 0.702572), (0.392508, 0.697315), (0.407365, 0.70792), (0.390771, 0.68363), (0.436756, 0.655853), (0.447691, 0.659678), (0.455002, 0.66507), (0.463128, 0.677967), (0.438888, 0.705991), (0.454743, 0.691166), (0.459662, 0.684698), (0.447794, 0.69916), (0.460183, 0.671045)]
[(0.428034, 0.660367), (0.430731, 0.709951), (0.416336, 0.659314), (0.405682, 0.667765), (0.398818, 0.676507), (0.390925, 0.692069), (0.420154, 0.710968), (0.402021, 0.70334), (0.395755, 0.698191), (0.410504, 0.708539), (0.393819, 0.684211), (0.43878, 0.654529), (0.449912, 0.658176), (0.457561, 0.66343), (0.4664, 0.676119), (0.44128, 0.705824), (0.45758, 0.690477), (0.462769, 0.683421), (0.450326, 0.698896), (0.463095, 0.66921)]
[(0.428058, 0.657451), (0.430309, 0.709801), (0.416247, 0.656171), (0.405417, 0.66455), (0.398489, 0.673293), (0.390706, 0.688656), (0.419525, 0.710294), (0.401517, 0.701092), (0.39542, 0.695218), (0.409857, 0.70713), (0.393523, 0.680938), (0.439285, 0.652145), (0.451049, 0.656367), (0.459203, 0.661973), (0.468724, 0.675045), (0.441407, 0.705851), (0.458968, 0.690026), (0.464666, 0.682644), (0.451066, 0.698771), (0.465192, 0.667989)]
[(0.427001, 0.654317), (0.429994, 0.712653), (0.415589, 0.65414), (0.405504, 0.663047), (0.399361, 0.672236), (0.392773, 0.689018), (0.419289, 0.713392), (0.402282, 0.703703), (0.396838, 0.696696), (0.410055, 0.71019), (0.395034, 0.680447), (0.438436, 0.649665), (0.450834, 0.654235), (0.459714, 0.660212), (0.470405, 0.674509), (0.441786, 0.708312), (0.460463, 0.691255), (0.466434, 0.683108), (0.452014, 0.70059), (0.466412, 0.666738)]
[(0.423209, 0.658962), (0.425556, 0.709569), (0.411231, 0.657093), (0.400143, 0.665184), (0.393246, 0.674124), (0.386067, 0.690501), (0.414773, 0.709948), (0.396613, 0.70156), (0.390538, 0.696329), (0.405055, 0.707049), (0.388492, 0.682324), (0.434372, 0.65326), (0.445869, 0.657648), (0.453464, 0.663827), (0.46171, 0.678346), (0.436374, 0.705971), (0.452894, 0.691496), (0.45803, 0.685056), (0.445564, 0.699418), (0.458771, 0.670655)]
[(0.425648, 0.666357), (0.427612, 0.711174), (0.414227, 0.663866), (0.40364, 0.671351), (0.396794, 0.67968), (0.389037, 0.694079), (0.417503, 0.711312), (0.399739, 0.703781), (0.39362, 0.699291), (0.408092, 0.708761), (0.391855, 0.687001), (0.436381, 0.660989), (0.447167, 0.6656), (0.454263, 0.672081), (0.462033, 0.686181), (0.43769, 0.708463), (0.453442, 0.696782), (0.458401, 0.691693), (0.446464, 0.703221), (0.459203, 0.678884)]
[(0.42373, 0.672892), (0.426051, 0.713017), (0.412607, 0.671136), (0.402345, 0.679371), (0.395637, 0.687903), (0.387767, 0.701942), (0.416048, 0.713691), (0.398445, 0.708636), (0.392374, 0.705684), (0.406719, 0.712095), (0.390715, 0.695074), (0.433872, 0.667141), (0.444021, 0.671344), (0.450733, 0.677347), (0.458321, 0.690114), (0.435662, 0.710118), (0.450379, 0.699404), (0.454909, 0.69494), (0.443948, 0.705154), (0.455431, 0.683505)]
[(0.419325, 0.670951), (0.4227, 0.71453), (0.407636, 0.669655), (0.397112, 0.678651), (0.390704, 0.688196), (0.383871, 0.704191), (0.412112, 0.715197), (0.394227, 0.710215), (0.388296, 0.707502), (0.402491, 0.713548), (0.386234, 0.696405), (0.430219, 0.665535), (0.441772, 0.67064), (0.449332, 0.677236), (0.457788, 0.690549), (0.433198, 0.711546), (0.449334, 0.700227), (0.454193, 0.695338), (0.442303, 0.706377), (0.454612, 0.683747)]
[(0.426987, 0.668599), (0.429413, 0.711892), (0.415471, 0.667443), (0.40491, 0.676777), (0.398267, 0.686475), (0.390759, 0.702392), (0.419336, 0.713001), (0.401476, 0.708812), (0.395397, 0.706043), (0.409831, 0.711951), (0.393483, 0.694841), (0.437672, 0.663294), (0.448659, 0.668342), (0.455677, 0.675592), (0.462908, 0.69049), (0.439418, 0.709045), (0.454876, 0.698988), (0.459537, 0.694907), (0.448094, 0.704406), (0.46041, 0.682991)]
[(0.416262, 0.673846), (0.419241, 0.712717), (0.405034, 0.673182), (0.395036, 0.681531), (0.388764, 0.690198), (0.381663, 0.704978), (0.409173, 0.714273), (0.391712, 0.711025), (0.385932, 0.70841), (0.399861, 0.713663), (0.384286, 0.697746), (0.426613, 0.667938), (0.437038, 0.671003), (0.443797, 0.676155), (0.451296, 0.687744), (0.429016, 0.709317), (0.443839, 0.697798), (0.448169, 0.692736), (0.43739, 0.704014), (0.448445, 0.681635)]
[(0.415302, 0.680553), (0.41824, 0.719798), (0.404763, 0.679759), (0.394842, 0.688206), (0.388405, 0.697061), (0.380952, 0.712551), (0.408349, 0.721213), (0.390948, 0.717523), (0.385145, 0.715223), (0.399077, 0.720234), (0.383682, 0.704923), (0.424453, 0.674733), (0.433301, 0.677874), (0.438919, 0.683372), (0.445174, 0.695602), (0.427049, 0.716501), (0.439559, 0.705038), (0.442854, 0.700105), (0.434327, 0.711235), (0.442777, 0.689183)]
[(0.418573, 0.685992), (0.420828, 0.721758), (0.408036, 0.685712), (0.397411, 0.694744), (0.390314, 0.703775), (0.381804, 0.719205), (0.410818, 0.723397), (0.392832, 0.722343), (0.386528, 0.721196), (0.401333, 0.723416), (0.384949, 0.711805), (0.427586, 0.68074), (0.436285, 0.684191), (0.441771, 0.689891), (0.447695, 0.702258), (0.429386, 0.718753), (0.441795, 0.710131), (0.445238, 0.706221), (0.436506, 0.714743), (0.44555, 0.695891)]
[(0.422892, 0.69137), (0.424111, 0.721688), (0.412762, 0.690914), (0.402303, 0.699653), (0.395102, 0.707885), (0.385972, 0.721386), (0.414486, 0.723318), (0.397043, 0.723553), (0.390788, 0.723027), (0.405326, 0.723832), (0.389491, 0.714953), (0.431412, 0.686209), (0.439324, 0.689387), (0.444305, 0.69468), (0.449679, 0.706415), (0.432051, 0.719033), (0.443794, 0.712692), (0.447208, 0.70979), (0.43872, 0.715972), (0.447778, 0.700388)]
[(0.428125, 0.689817), (0.428141, 0.725502), (0.417101, 0.689397), (0.404762, 0.69864), (0.395797, 0.707272), (0.384006, 0.72135), (0.417439, 0.727332), (0.396911, 0.725358), (0.389468, 0.723704), (0.406815, 0.727048), (0.388588, 0.714542), (0.436647, 0.684684), (0.443969, 0.688037), (0.448043, 0.694037), (0.451334, 0.706946), (0.436249, 0.722354), (0.446912, 0.713845), (0.449531, 0.710451), (0.442561, 0.718247), (0.450436, 0.700289)]
[(0.429658, 0.689355), (0.430921, 0.724841), (0.418511, 0.688779), (0.406841, 0.698155), (0.398581, 0.706678), (0.38776, 0.720117), (0.420311, 0.726454), (0.400359, 0.724414), (0.393196, 0.722597), (0.409919, 0.726173), (0.39201, 0.713777), (0.438829, 0.684292), (0.447221, 0.688099), (0.452258, 0.694128), (0.457164, 0.706549), (0.439632, 0.72198), (0.451736, 0.713805), (0.454934, 0.710318), (0.446663, 0.718044), (0.455576, 0.700217)]
[(0.43356, 0.692153), (0.43606, 0.730938), (0.422518, 0.691625), (0.411587, 0.700959), (0.404041, 0.709754), (0.394336, 0.723856), (0.425715, 0.732638), (0.40638, 0.730028), (0.399576, 0.727349), (0.415608, 0.732343), (0.398129, 0.717326), (0.443238, 0.687339), (0.452566, 0.691753), (0.458311, 0.697918), (0.463821, 0.710111), (0.445324, 0.727747), (0.458185, 0.718291), (0.461515, 0.714324), (0.45281, 0.723168), (0.462081, 0.703996)]
[(0.434102, 0.692792), (0.43663, 0.729476), (0.422996, 0.69173), (0.4123, 0.700769), (0.404879, 0.709376), (0.395093, 0.723022), (0.426547, 0.731088), (0.407372, 0.728818), (0.400465, 0.726375), (0.416599, 0.730925), (0.399001, 0.716737), (0.443781, 0.687911), (0.453098, 0.692413), (0.458845, 0.698429), (0.464495, 0.709607), (0.445843, 0.726478), (0.458662, 0.717414), (0.462047, 0.713667), (0.453296, 0.722065), (0.462613, 0.704107)]
[(0.428579, 0.685568), (0.432376, 0.728706), (0.417775, 0.684401), (0.40813, 0.692481), (0.402025, 0.701156), (0.394989, 0.716081), (0.422734, 0.730009), (0.405363, 0.724047), (0.399452, 0.720335), (0.413554, 0.728327), (0.397589, 0.708781), (0.438417, 0.679134), (0.448359, 0.68219), (0.454808, 0.687786), (0.462043, 0.700601), (0.441655, 0.72496), (0.455337, 0.711537), (0.459259, 0.706019), (0.449464, 0.718694), (0.459321, 0.693831)]
[(0.428356, 0.680151), (0.433783, 0.728583), (0.417848, 0.680103), (0.409343, 0.689247), (0.404445, 0.698756), (0.399591, 0.714853), (0.424191, 0.72982), (0.408457, 0.723192), (0.403452, 0.719283), (0.415641, 0.727719), (0.401108, 0.706951), (0.438858, 0.673379), (0.45111, 0.676921), (0.459776, 0.682229), (0.470522, 0.694754), (0.444225, 0.724024), (0.461227, 0.707971), (0.466724, 0.701152), (0.453549, 0.716575), (0.46639, 0.687875)]
[(0.42772, 0.684563), (0.432577, 0.730024), (0.41674, 0.683799), (0.407404, 0.692088), (0.401783, 0.701228), (0.395718, 0.717332), (0.422763, 0.731314), (0.405839, 0.725534), (0.400138, 0.721857), (0.413712, 0.729644), (0.39781, 0.70943), (0.438141, 0.677731), (0.449463, 0.68065), (0.457165, 0.686109), (0.466182, 0.699738), (0.442684, 0.72592), (0.458156, 0.711635), (0.46286, 0.705661), (0.451385, 0.719281), (0.462767, 0.692362)]
[(0.430404, 0.690481), (0.435707, 0.739224), (0.419051, 0.690494), (0.409361, 0.700486), (0.403498, 0.710467), (0.397022, 0.727425), (0.425305, 0.741237), (0.407319, 0.736223), (0.40147, 0.732175), (0.415648, 0.740188), (0.399274, 0.719278), (0.441256, 0.683553), (0.453374, 0.687161), (0.461501, 0.693157), (0.47087, 0.707203), (0.446465, 0.734682), (0.462882, 0.719766), (0.467666, 0.713306), (0.455716, 0.727755), (0.46741, 0.699772)]
