[(0.414023, 0.649557), (0.409474, 0.697124), (0.402336, 0.646169), (0.388869, 0.652581), (0.379086, 0.658493), (0.366473, 0.667212), (0.397925, 0.695025), (0.377776, 0.681158), (0.371239, 0.674068), (0.38702, 0.68932), (0.371651, 0.663129), (0.424717, 0.648796), (0.433278, 0.656446), (0.437901, 0.663959), (0.441237, 0.676215), (0.419689, 0.696238), (0.434381, 0.686005), (0.438346, 0.681135), (0.42813, 0.691871), (0.440435, 0.670435)]
[(0.40076, 0.633329), (0.398104, 0.684981), (0.389396, 0.62883), (0.377241, 0.634737), (0.369054, 0.64198), (0.359801, 0.655154), (0.387375, 0.682682), (0.369633, 0.66916), (0.363919, 0.662166), (0.377673, 0.677148), (0.363253, 0.648683), (0.411677, 0.632139), (0.421614, 0.640696), (0.4275, 0.649247), (0.432713, 0.663811), (0.408445, 0.684467), (0.424359, 0.674221), (0.429159, 0.669154), (0.417372, 0.68031), (0.431175, 0.656911)]
[(0.402214, 0.627828), (0.401114, 0.679864), (0.39084, 0.624731), (0.379701, 0.632281), (0.372514, 0.640967), (0.364396, 0.656977), (0.390619, 0.678735), (0.373625, 0.668667), (0.368331, 0.663138), (0.381297, 0.674861), (0.367415, 0.648966), (0.413582, 0.626075), (0.424871, 0.634671), (0.432068, 0.643446), (0.439021, 0.659477), (0.412019, 0.678713), (0.429383, 0.668931), (0.434971, 0.664479), (0.421608, 0.674527), (0.436812, 0.651572)]
[(0.402974, 0.623841), (0.402693, 0.673037), (0.390878, 0.620401), (0.379057, 0.627869), (0.371449, 0.636296), (0.362821, 0.651671), (0.391863, 0.672237), (0.373552, 0.663243), (0.367476, 0.657916), (0.381961, 0.668873), (0.365938, 0.644068), (0.414954, 0.621055), (0.42674, 0.628775), (0.434175, 0.637152), (0.441325, 0.653333), (0.413749, 0.672038), (0.431469, 0.663001), (0.437144, 0.65859), (0.423575, 0.668333), (0.439098, 0.645311)]
[(0.40759, 0.620027), (0.408235, 0.672122), (0.395667, 0.617284), (0.38457, 0.6255), (0.377558, 0.634742), (0.36974, 0.651541), (0.397289, 0.671489), (0.379498, 0.662432), (0.373922, 0.657328), (0.387587, 0.668101), (0.372567, 0.643116), (0.419619, 0.616822), (0.432014, 0.624577), (0.44029, 0.632797), (0.449242, 0.648814), (0.419793, 0.670434), (0.438726, 0.659553), (0.444852, 0.654371), (0.430182, 0.665851), (0.446133, 0.640657)]
[(0.434047, 0.62595), (0.431941, 0.674213), (0.422177, 0.624977), (0.409407, 0.633839), (0.400587, 0.642162), (0.389868, 0.656675), (0.420557, 0.674329), (0.400761, 0.666266), (0.394431, 0.661653), (0.409857, 0.671337), (0.394041, 0.649333), (0.443802, 0.623878), (0.45208, 0.629952), (0.456255, 0.63738), (0.457886, 0.652105), (0.441503, 0.671422), (0.453555, 0.660413), (0.456261, 0.656233), (0.448702, 0.66627), (0.45809, 0.644676)]
[(0.416771, 0.623081), (0.4166, 0.675843), (0.405152, 0.622092), (0.394094, 0.631876), (0.387051, 0.641869), (0.379049, 0.659136), (0.405755, 0.676537), (0.388288, 0.66906), (0.382975, 0.664399), (0.396177, 0.674039), (0.381925, 0.650446), (0.42804, 0.619027), (0.439789, 0.625688), (0.447676, 0.633478), (0.455953, 0.649875), (0.42793, 0.672637), (0.446118, 0.660339), (0.451977, 0.655288), (0.437885, 0.66695), (0.453281, 0.641315)]
[(0.415784, 0.628037), (0.414568, 0.676388), (0.403802, 0.626452), (0.391987, 0.636031), (0.384205, 0.645503), (0.374682, 0.660838), (0.403572, 0.676927), (0.385032, 0.669996), (0.379113, 0.665775), (0.393496, 0.674672), (0.378342, 0.653317), (0.427173, 0.624688), (0.438409, 0.631797), (0.44553, 0.639716), (0.4521, 0.654107), (0.425885, 0.673584), (0.443161, 0.662672), (0.448417, 0.658614), (0.435556, 0.668405), (0.450136, 0.646942)]
[(0.423618, 0.626644), (0.420445, 0.677613), (0.411438, 0.624174), (0.397963, 0.634093), (0.388389, 0.643685), (0.375778, 0.659008), (0.40916, 0.677731), (0.38834, 0.66922), (0.381075, 0.664381), (0.398151, 0.674722), (0.380805, 0.651576), (0.433865, 0.624337), (0.442915, 0.632485), (0.447742, 0.641582), (0.450155, 0.655947), (0.430535, 0.675118), (0.444116, 0.664047), (0.44768, 0.660103), (0.438436, 0.669881), (0.450035, 0.649197)]
[(0.431003, 0.625781), (0.427274, 0.672034), (0.418957, 0.623716), (0.405155, 0.632582), (0.395168, 0.64072), (0.381932, 0.654111), (0.415663, 0.671924), (0.39468, 0.663765), (0.387335, 0.65913), (0.404534, 0.668874), (0.387217, 0.647527), (0.441093, 0.624055), (0.449755, 0.63124), (0.454366, 0.639184), (0.456721, 0.653156), (0.437164, 0.669828), (0.450458, 0.660187), (0.454056, 0.656808), (0.444867, 0.665173), (0.45663, 0.646382)]
[(0.43276, 0.624247), (0.428576, 0.670056), (0.420826, 0.622356), (0.4071, 0.63172), (0.397169, 0.640165), (0.383812, 0.653913), (0.41715, 0.670153), (0.39635, 0.662901), (0.389106, 0.658621), (0.40612, 0.667556), (0.389169, 0.64716), (0.442711, 0.622804), (0.451179, 0.630375), (0.455481, 0.63875), (0.457116, 0.652768), (0.43832, 0.667956), (0.451285, 0.659048), (0.45468, 0.656094), (0.44586, 0.663623), (0.457371, 0.64605)]
[(0.431442, 0.626615), (0.427761, 0.668331), (0.419453, 0.625204), (0.405962, 0.634097), (0.396257, 0.642254), (0.383344, 0.65641), (0.416223, 0.66884), (0.395631, 0.663622), (0.388592, 0.660306), (0.405247, 0.667091), (0.388496, 0.649296), (0.44169, 0.624791), (0.450621, 0.631549), (0.455449, 0.639258), (0.458094, 0.653816), (0.437779, 0.666123), (0.451533, 0.658691), (0.455367, 0.656515), (0.445687, 0.662289), (0.457969, 0.646535)]
[(0.423763, 0.627322), (0.421678, 0.669684), (0.411921, 0.625718), (0.399472, 0.634266), (0.390933, 0.642402), (0.380138, 0.656433), (0.410559, 0.670033), (0.391333, 0.664589), (0.384967, 0.660971), (0.400194, 0.668256), (0.384377, 0.649441), (0.434687, 0.625131), (0.444789, 0.632048), (0.450735, 0.639493), (0.455463, 0.653671), (0.432169, 0.667629), (0.447559, 0.659847), (0.452113, 0.657161), (0.440904, 0.663799), (0.454278, 0.646567)]
[(0.419952, 0.629655), (0.419002, 0.66979), (0.40815, 0.62811), (0.396349, 0.635613), (0.388482, 0.64316), (0.378758, 0.657022), (0.40793, 0.669934), (0.389311, 0.664859), (0.383336, 0.661391), (0.397828, 0.668297), (0.38254, 0.6499), (0.431265, 0.62739), (0.442115, 0.633707), (0.448892, 0.640596), (0.455167, 0.654752), (0.429939, 0.668007), (0.446529, 0.661071), (0.451556, 0.65837), (0.439294, 0.664649), (0.453282, 0.647441)]
[(0.429124, 0.627963), (0.425722, 0.67428), (0.417627, 0.626772), (0.405119, 0.635979), (0.396458, 0.644057), (0.385136, 0.657401), (0.414608, 0.674438), (0.395731, 0.666693), (0.389672, 0.662176), (0.404367, 0.671704), (0.389686, 0.650738), (0.439474, 0.625865), (0.448667, 0.632626), (0.453884, 0.640366), (0.457306, 0.655795), (0.43594, 0.671695), (0.450382, 0.662391), (0.454458, 0.659379), (0.444197, 0.667019), (0.456811, 0.647999)]
[(0.429833, 0.625894), (0.427325, 0.668859), (0.418253, 0.62448), (0.406082, 0.632791), (0.397667, 0.640592), (0.386736, 0.65466), (0.416418, 0.669163), (0.397555, 0.662991), (0.391378, 0.659019), (0.406263, 0.667124), (0.391104, 0.647443), (0.440302, 0.623601), (0.449766, 0.629651), (0.455427, 0.637009), (0.459868, 0.651872), (0.437571, 0.666617), (0.452508, 0.658298), (0.456861, 0.655444), (0.446008, 0.662489), (0.458901, 0.644291)]
[(0.427639, 0.630073), (0.425992, 0.672133), (0.416402, 0.628198), (0.405198, 0.635615), (0.397546, 0.643192), (0.387775, 0.657178), (0.415433, 0.672507), (0.397605, 0.666339), (0.391952, 0.662039), (0.405787, 0.670568), (0.391653, 0.649898), (0.43813, 0.626768), (0.447944, 0.63183), (0.454292, 0.638367), (0.460555, 0.652241), (0.436339, 0.669773), (0.452376, 0.660654), (0.45724, 0.656761), (0.445245, 0.665551), (0.458662, 0.644901)]
[(0.422568, 0.625177), (0.422229, 0.680247), (0.411223, 0.623218), (0.400337, 0.632888), (0.39316, 0.64299), (0.384373, 0.660305), (0.411664, 0.680531), (0.39406, 0.671822), (0.388519, 0.666367), (0.402122, 0.677556), (0.387771, 0.651659), (0.43327, 0.621553), (0.444113, 0.62843), (0.451476, 0.63675), (0.45938, 0.652523), (0.432957, 0.677528), (0.450229, 0.664876), (0.455696, 0.658946), (0.442415, 0.671944), (0.456788, 0.644503)]
[(0.410305, 0.618377), (0.410649, 0.681347), (0.398985, 0.615782), (0.388442, 0.623748), (0.381682, 0.633233), (0.37384, 0.651533), (0.400111, 0.680701), (0.383145, 0.668207), (0.377788, 0.660236), (0.390848, 0.676164), (0.376713, 0.642098), (0.421416, 0.615325), (0.432837, 0.622489), (0.440633, 0.63092), (0.449107, 0.648066), (0.421929, 0.678639), (0.4397, 0.663701), (0.445305, 0.656229), (0.431722, 0.672155), (0.446192, 0.639238)]
[(0.42933, 0.627932), (0.428755, 0.673035), (0.418093, 0.6263), (0.406587, 0.633606), (0.398707, 0.640916), (0.388744, 0.655276), (0.417896, 0.672586), (0.399457, 0.665035), (0.393326, 0.660555), (0.407986, 0.66971), (0.392725, 0.647637), (0.439242, 0.62575), (0.448507, 0.631121), (0.454477, 0.637103), (0.460329, 0.649454), (0.43879, 0.670826), (0.45333, 0.660267), (0.457543, 0.655289), (0.446978, 0.666088), (0.458536, 0.642945)]
[(0.415202, 0.62018), (0.416091, 0.679565), (0.403502, 0.618717), (0.392495, 0.627745), (0.38554, 0.637891), (0.377589, 0.657058), (0.405015, 0.679411), (0.387324, 0.669973), (0.381726, 0.663907), (0.395362, 0.675986), (0.380464, 0.64715), (0.426492, 0.617173), (0.438315, 0.624043), (0.446476, 0.632041), (0.455459, 0.648522), (0.427856, 0.676522), (0.446087, 0.662669), (0.45175, 0.655939), (0.43792, 0.670309), (0.452394, 0.639937)]
[(0.412868, 0.622022), (0.414184, 0.684897), (0.400963, 0.620387), (0.389976, 0.630116), (0.383006, 0.641162), (0.375031, 0.661652), (0.402988, 0.684647), (0.384981, 0.675184), (0.379286, 0.669027), (0.393168, 0.681242), (0.377949, 0.651197), (0.424405, 0.619099), (0.436558, 0.626983), (0.445031, 0.636174), (0.454341, 0.654722), (0.426049, 0.682414), (0.44478, 0.669474), (0.450595, 0.662617), (0.43637, 0.676878), (0.451174, 0.645187)]
[(0.404301, 0.62743), (0.404517, 0.686676), (0.392147, 0.623948), (0.380106, 0.630919), (0.372274, 0.639932), (0.363615, 0.658006), (0.392906, 0.685473), (0.374023, 0.672982), (0.367927, 0.665774), (0.382657, 0.680549), (0.366679, 0.648586), (0.415535, 0.623762), (0.426464, 0.630403), (0.433564, 0.638604), (0.440769, 0.656816), (0.415772, 0.684455), (0.432618, 0.671228), (0.43753, 0.664254), (0.425282, 0.678928), (0.438419, 0.64736)]
[(0.401783, 0.62041), (0.400803, 0.685963), (0.390093, 0.616809), (0.379162, 0.62151), (0.372157, 0.629077), (0.3645, 0.646941), (0.389733, 0.683508), (0.373092, 0.667489), (0.368038, 0.657489), (0.380469, 0.677202), (0.367199, 0.637168), (0.413494, 0.619001), (0.42527, 0.626123), (0.433354, 0.63439), (0.442048, 0.654182), (0.412896, 0.684568), (0.431949, 0.671196), (0.437995, 0.663235), (0.423356, 0.679192), (0.43914, 0.643668)]
[(0.411347, 0.631751), (0.409446, 0.679798), (0.399678, 0.628191), (0.388319, 0.632921), (0.380837, 0.639412), (0.372005, 0.653518), (0.398471, 0.678271), (0.381109, 0.667766), (0.375801, 0.660946), (0.388886, 0.674339), (0.375363, 0.645902), (0.423071, 0.629916), (0.43413, 0.636225), (0.441386, 0.643403), (0.44887, 0.659506), (0.420912, 0.678897), (0.439111, 0.670288), (0.444827, 0.66543), (0.430978, 0.675388), (0.446401, 0.651035)]
[(0.408544, 0.629752), (0.407167, 0.680357), (0.396519, 0.625526), (0.384624, 0.632314), (0.376797, 0.640369), (0.367442, 0.655627), (0.396369, 0.678859), (0.378092, 0.668575), (0.372007, 0.66247), (0.386504, 0.674902), (0.370987, 0.647965), (0.420348, 0.627592), (0.431559, 0.635611), (0.438492, 0.644433), (0.444834, 0.661416), (0.418124, 0.679854), (0.435468, 0.671471), (0.440898, 0.666959), (0.427775, 0.67655), (0.442961, 0.652992)]
[(0.414185, 0.635565), (0.411494, 0.680054), (0.402228, 0.632746), (0.389651, 0.640345), (0.381062, 0.648211), (0.370236, 0.662211), (0.400549, 0.679552), (0.381579, 0.671943), (0.375154, 0.667524), (0.390352, 0.676726), (0.37444, 0.655306), (0.425546, 0.633402), (0.435967, 0.640778), (0.442059, 0.648945), (0.446994, 0.664887), (0.42208, 0.678882), (0.43828, 0.671637), (0.44328, 0.668761), (0.431172, 0.675618), (0.445795, 0.656908)]
[(0.417874, 0.636132), (0.414864, 0.680891), (0.406206, 0.63389), (0.393778, 0.641905), (0.385288, 0.649724), (0.374513, 0.663349), (0.40402, 0.680372), (0.385501, 0.672736), (0.379294, 0.668406), (0.394004, 0.677452), (0.378755, 0.656594), (0.428864, 0.6348), (0.438986, 0.64274), (0.444846, 0.650947), (0.449415, 0.666563), (0.425395, 0.679523), (0.441063, 0.672193), (0.445803, 0.669821), (0.434222, 0.675959), (0.448358, 0.658769)]
[(0.424562, 0.636449), (0.421261, 0.677926), (0.412462, 0.633943), (0.398988, 0.640535), (0.38937, 0.647356), (0.376842, 0.660863), (0.409724, 0.677333), (0.389276, 0.670029), (0.382178, 0.665748), (0.398818, 0.67453), (0.381788, 0.653757), (0.435258, 0.634825), (0.44454, 0.641307), (0.449576, 0.648867), (0.452629, 0.66411), (0.431447, 0.676601), (0.445729, 0.669811), (0.449711, 0.667242), (0.439654, 0.673411), (0.452267, 0.656262)]
[(0.417213, 0.637147), (0.41575, 0.677291), (0.405231, 0.634393), (0.393079, 0.639957), (0.38488, 0.646327), (0.374819, 0.659529), (0.404489, 0.676422), (0.385594, 0.669296), (0.379431, 0.664782), (0.394266, 0.673778), (0.37872, 0.652471), (0.428819, 0.635135), (0.439637, 0.641138), (0.446349, 0.648027), (0.452596, 0.663221), (0.426691, 0.676342), (0.443617, 0.670092), (0.448796, 0.667088), (0.436172, 0.673613), (0.450704, 0.655199)]
[(0.421939, 0.637247), (0.421269, 0.67853), (0.409931, 0.634474), (0.398055, 0.640085), (0.390101, 0.646403), (0.38027, 0.659347), (0.409825, 0.677461), (0.390795, 0.668795), (0.384729, 0.664303), (0.399475, 0.674032), (0.384129, 0.65244), (0.433362, 0.63488), (0.443857, 0.640176), (0.450392, 0.646345), (0.45646, 0.65987), (0.432216, 0.677154), (0.448612, 0.668354), (0.453271, 0.66429), (0.441527, 0.673413), (0.454649, 0.652615)]
[(0.425063, 0.637416), (0.425279, 0.682982), (0.413652, 0.63454), (0.402961, 0.640229), (0.395831, 0.646363), (0.386709, 0.658342), (0.414403, 0.681488), (0.396539, 0.669872), (0.390869, 0.664247), (0.404668, 0.676698), (0.39042, 0.651964), (0.435893, 0.634869), (0.446058, 0.639829), (0.452609, 0.645404), (0.459118, 0.656577), (0.435916, 0.681076), (0.451765, 0.668452), (0.456212, 0.66258), (0.444906, 0.675677), (0.457023, 0.650512)]
[(0.414232, 0.631674), (0.413792, 0.688472), (0.40206, 0.62929), (0.390733, 0.63579), (0.383437, 0.643325), (0.374957, 0.657967), (0.40204, 0.687123), (0.384079, 0.673971), (0.378757, 0.666046), (0.392086, 0.682059), (0.378129, 0.650132), (0.426371, 0.629074), (0.438835, 0.635262), (0.447644, 0.642225), (0.457627, 0.657229), (0.426445, 0.686478), (0.446845, 0.672646), (0.453328, 0.665112), (0.437612, 0.680758), (0.454185, 0.649254)]
[(0.40794, 0.626357), (0.406442, 0.687346), (0.396057, 0.623977), (0.384845, 0.63095), (0.377838, 0.639434), (0.370094, 0.655834), (0.39517, 0.685784), (0.378487, 0.672463), (0.373652, 0.664245), (0.38582, 0.680659), (0.372836, 0.647192), (0.420128, 0.624777), (0.432959, 0.632959), (0.442042, 0.641713), (0.452127, 0.659719), (0.419219, 0.685857), (0.440268, 0.673784), (0.447294, 0.66717), (0.430619, 0.680834), (0.448785, 0.650516)]
[(0.410241, 0.633055), (0.408853, 0.68411), (0.398686, 0.630209), (0.387614, 0.636851), (0.380532, 0.645209), (0.372352, 0.660892), (0.398111, 0.682804), (0.38141, 0.673143), (0.376272, 0.667321), (0.388902, 0.679055), (0.375307, 0.652746), (0.422059, 0.631332), (0.434415, 0.639629), (0.443116, 0.648804), (0.452598, 0.667129), (0.420812, 0.683473), (0.440926, 0.67617), (0.447744, 0.67224), (0.431677, 0.680492), (0.449511, 0.657871)]
[(0.413775, 0.634371), (0.410799, 0.68254), (0.40153, 0.629644), (0.388834, 0.635932), (0.380234, 0.643232), (0.369447, 0.656131), (0.39965, 0.680531), (0.380634, 0.669336), (0.374258, 0.662963), (0.389396, 0.67608), (0.373639, 0.649671), (0.425455, 0.633522), (0.436338, 0.642555), (0.443111, 0.651926), (0.448999, 0.667732), (0.422047, 0.682619), (0.43951, 0.675781), (0.444968, 0.672303), (0.431788, 0.679907), (0.447394, 0.660268)]
[(0.418311, 0.646361), (0.414312, 0.691975), (0.406048, 0.642774), (0.39243, 0.650251), (0.382795, 0.658019), (0.370426, 0.670818), (0.402925, 0.690809), (0.382532, 0.681572), (0.375567, 0.676475), (0.392045, 0.687238), (0.375296, 0.664583), (0.429391, 0.64521), (0.439, 0.653694), (0.44433, 0.66263), (0.447857, 0.67731), (0.424857, 0.691258), (0.440177, 0.684188), (0.444576, 0.681115), (0.43362, 0.688176), (0.447264, 0.670422)]
[(0.422307, 0.649907), (0.418286, 0.696903), (0.409541, 0.646867), (0.395238, 0.655451), (0.385182, 0.663989), (0.372466, 0.677644), (0.406471, 0.696024), (0.385124, 0.687187), (0.377836, 0.682571), (0.395082, 0.692593), (0.377482, 0.671094), (0.433514, 0.64872), (0.442987, 0.657636), (0.447977, 0.666712), (0.450793, 0.680764), (0.428953, 0.695749), (0.443871, 0.687663), (0.44784, 0.684401), (0.437602, 0.69207), (0.45047, 0.674296)]
[(0.414512, 0.648412), (0.41158, 0.696373), (0.401685, 0.645287), (0.387584, 0.654091), (0.377869, 0.663457), (0.366337, 0.678815), (0.399889, 0.695465), (0.378827, 0.687441), (0.371648, 0.683427), (0.388652, 0.692347), (0.370705, 0.671495), (0.426103, 0.646813), (0.436413, 0.655949), (0.442129, 0.665635), (0.445977, 0.681091), (0.422412, 0.695513), (0.43832, 0.688124), (0.442719, 0.684846), (0.431497, 0.692377), (0.445253, 0.673921)]
[(0.413774, 0.649789), (0.411119, 0.696939), (0.400701, 0.646971), (0.38647, 0.655532), (0.376709, 0.664535), (0.365162, 0.679368), (0.399066, 0.696162), (0.377658, 0.688107), (0.370466, 0.683974), (0.387597, 0.693093), (0.369515, 0.672228), (0.425598, 0.647866), (0.436224, 0.656406), (0.442237, 0.665613), (0.446542, 0.680895), (0.422276, 0.695941), (0.438712, 0.688269), (0.443233, 0.684771), (0.431666, 0.692704), (0.445624, 0.673685)]
[(0.405342, 0.651345), (0.403965, 0.697005), (0.392717, 0.64789), (0.379486, 0.656089), (0.370541, 0.665047), (0.359955, 0.679691), (0.392546, 0.695807), (0.372157, 0.687994), (0.365206, 0.684189), (0.381666, 0.692652), (0.363969, 0.672692), (0.417037, 0.649545), (0.427974, 0.658759), (0.434418, 0.66829), (0.440037, 0.683314), (0.414887, 0.69652), (0.431615, 0.690041), (0.436399, 0.686925), (0.42434, 0.693915), (0.438386, 0.676327)]
[(0.412174, 0.650149), (0.410024, 0.693506), (0.399887, 0.646881), (0.386846, 0.654445), (0.377801, 0.662335), (0.366499, 0.675024), (0.398689, 0.692296), (0.378455, 0.684149), (0.371579, 0.679898), (0.387929, 0.689066), (0.370946, 0.668879), (0.423254, 0.648703), (0.433162, 0.657021), (0.438918, 0.665539), (0.443398, 0.679036), (0.420605, 0.692846), (0.43608, 0.685997), (0.440286, 0.682785), (0.4295, 0.689997), (0.442196, 0.67272)]
[(0.40836, 0.648137), (0.407191, 0.69503), (0.396207, 0.644732), (0.383615, 0.652486), (0.375059, 0.660723), (0.364822, 0.674005), (0.395995, 0.693522), (0.376296, 0.684011), (0.369709, 0.679209), (0.385452, 0.689654), (0.368722, 0.667641), (0.419604, 0.64618), (0.430083, 0.654784), (0.436337, 0.663499), (0.442002, 0.677332), (0.417874, 0.694423), (0.434186, 0.686125), (0.43868, 0.681776), (0.427147, 0.691189), (0.440212, 0.670846)]
[(0.411709, 0.645944), (0.410181, 0.690757), (0.399793, 0.642878), (0.387557, 0.650341), (0.37921, 0.658014), (0.3689, 0.670299), (0.399172, 0.689583), (0.379984, 0.680551), (0.373626, 0.675716), (0.388882, 0.686047), (0.372946, 0.664334), (0.422684, 0.644178), (0.432829, 0.652072), (0.438904, 0.660095), (0.444196, 0.672965), (0.420758, 0.689884), (0.436617, 0.681533), (0.441004, 0.677396), (0.429801, 0.686513), (0.442556, 0.666845)]
[(0.411637, 0.639826), (0.411946, 0.685147), (0.399926, 0.636923), (0.389199, 0.643448), (0.382262, 0.650808), (0.374256, 0.664107), (0.401034, 0.684166), (0.383543, 0.674319), (0.378195, 0.669372), (0.391438, 0.680263), (0.377333, 0.657323), (0.423158, 0.636293), (0.434383, 0.641982), (0.441834, 0.648339), (0.450058, 0.660894), (0.42301, 0.683619), (0.44084, 0.67227), (0.446253, 0.666535), (0.432912, 0.679054), (0.447075, 0.654324)]
[(0.413121, 0.639053), (0.413459, 0.681469), (0.402114, 0.637242), (0.392226, 0.644227), (0.385985, 0.651388), (0.378714, 0.664625), (0.403284, 0.681188), (0.387186, 0.6735), (0.382389, 0.669308), (0.394387, 0.678325), (0.381524, 0.657793), (0.424126, 0.635205), (0.435021, 0.64018), (0.442201, 0.646226), (0.449933, 0.659579), (0.423951, 0.679404), (0.440943, 0.669194), (0.446227, 0.664502), (0.433349, 0.674976), (0.447251, 0.652432)]
[(0.406675, 0.628897), (0.407378, 0.682605), (0.394632, 0.626839), (0.383272, 0.634793), (0.376063, 0.643558), (0.368043, 0.660089), (0.396418, 0.68226), (0.378473, 0.672626), (0.372565, 0.666792), (0.386689, 0.678731), (0.370935, 0.651599), (0.418324, 0.625094), (0.430197, 0.631118), (0.438107, 0.638125), (0.446561, 0.653418), (0.418683, 0.679926), (0.436675, 0.666897), (0.442467, 0.660461), (0.428589, 0.674338), (0.44367, 0.645325)]
[(0.411115, 0.636999), (0.410859, 0.682378), (0.398869, 0.635397), (0.387124, 0.643282), (0.379535, 0.651341), (0.370755, 0.66602), (0.399648, 0.682625), (0.381059, 0.675377), (0.375194, 0.67099), (0.389523, 0.680129), (0.374016, 0.658529), (0.422968, 0.632949), (0.43439, 0.638109), (0.441523, 0.644609), (0.448481, 0.659176), (0.422103, 0.679817), (0.43958, 0.669033), (0.444841, 0.664322), (0.431893, 0.674971), (0.446323, 0.651453)]
[(0.405271, 0.631959), (0.406568, 0.684102), (0.392882, 0.630166), (0.38162, 0.638875), (0.37481, 0.648365), (0.36766, 0.665737), (0.395334, 0.684022), (0.377371, 0.675584), (0.371859, 0.67095), (0.385446, 0.680929), (0.370099, 0.656941), (0.41762, 0.628315), (0.430592, 0.635347), (0.43904, 0.642987), (0.447781, 0.658244), (0.418623, 0.681665), (0.437806, 0.669307), (0.443735, 0.663837), (0.429282, 0.676282), (0.444877, 0.650347)]
[(0.404024, 0.627905), (0.405163, 0.68097), (0.391639, 0.625484), (0.380103, 0.634334), (0.372994, 0.64396), (0.365206, 0.661243), (0.394236, 0.68066), (0.375758, 0.671692), (0.369736, 0.666822), (0.384237, 0.677315), (0.367935, 0.652726), (0.41609, 0.624609), (0.428397, 0.632185), (0.436033, 0.64033), (0.443203, 0.65534), (0.416605, 0.678901), (0.43426, 0.666483), (0.439533, 0.660965), (0.426527, 0.67362), (0.440949, 0.647826)]
[(0.40608, 0.626244), (0.407266, 0.682425), (0.393748, 0.623989), (0.38249, 0.632568), (0.375518, 0.64201), (0.367819, 0.659321), (0.39618, 0.682055), (0.378064, 0.671807), (0.372257, 0.665863), (0.3863, 0.67826), (0.370584, 0.650578), (0.418212, 0.62269), (0.430873, 0.629754), (0.439244, 0.637458), (0.448141, 0.652321), (0.419074, 0.680008), (0.437982, 0.666014), (0.443967, 0.659261), (0.429492, 0.674066), (0.445089, 0.644687)]
[(0.397615, 0.626528), (0.398443, 0.679173), (0.385418, 0.62333), (0.373506, 0.630553), (0.366207, 0.639735), (0.359076, 0.657508), (0.387427, 0.67821), (0.369342, 0.668485), (0.363427, 0.663224), (0.377587, 0.674426), (0.361333, 0.648602), (0.409411, 0.623391), (0.421376, 0.630597), (0.428818, 0.638792), (0.436028, 0.655164), (0.409564, 0.677576), (0.426871, 0.666374), (0.432212, 0.660927), (0.419223, 0.672914), (0.43376, 0.646924)]
[(0.398386, 0.631636), (0.398239, 0.682476), (0.386191, 0.628234), (0.373974, 0.636059), (0.366339, 0.645437), (0.358351, 0.662744), (0.387384, 0.68133), (0.368926, 0.67225), (0.362818, 0.667639), (0.37741, 0.67769), (0.361027, 0.654229), (0.409785, 0.629281), (0.420968, 0.637731), (0.427595, 0.646812), (0.433279, 0.662804), (0.408986, 0.681287), (0.425129, 0.671667), (0.429806, 0.667357), (0.418141, 0.677242), (0.431637, 0.655126)]
[(0.404553, 0.641042), (0.403523, 0.69009), (0.392245, 0.63821), (0.37963, 0.646511), (0.37148, 0.655748), (0.362431, 0.671834), (0.392583, 0.689341), (0.373477, 0.680846), (0.367076, 0.676503), (0.382326, 0.686037), (0.365678, 0.663984), (0.415805, 0.638588), (0.426354, 0.646466), (0.432429, 0.65507), (0.437322, 0.66957), (0.414097, 0.688559), (0.429688, 0.678454), (0.434052, 0.674072), (0.422991, 0.684213), (0.435942, 0.662625)]
[(0.415486, 0.653039), (0.412364, 0.696713), (0.403109, 0.651087), (0.388836, 0.659739), (0.378574, 0.668312), (0.365462, 0.682287), (0.400931, 0.69655), (0.379153, 0.690175), (0.371287, 0.686549), (0.389533, 0.694216), (0.370497, 0.67563), (0.425917, 0.651511), (0.43504, 0.659316), (0.439673, 0.668037), (0.441537, 0.68194), (0.4222, 0.695174), (0.435581, 0.687892), (0.439047, 0.68513), (0.430007, 0.691787), (0.441764, 0.675459)]
[(0.414806, 0.665736), (0.411761, 0.705338), (0.402537, 0.663102), (0.388422, 0.669893), (0.378243, 0.676774), (0.364718, 0.688563), (0.400157, 0.704877), (0.378312, 0.697423), (0.370503, 0.693214), (0.388714, 0.702016), (0.370081, 0.682765), (0.424954, 0.663735), (0.433353, 0.669893), (0.437598, 0.67714), (0.439434, 0.68992), (0.421413, 0.703722), (0.434207, 0.696216), (0.43732, 0.693184), (0.428971, 0.700307), (0.439615, 0.683736)]
[(0.408485, 0.680175), (0.407459, 0.713524), (0.397058, 0.676216), (0.385339, 0.679186), (0.37718, 0.682887), (0.3663, 0.69034), (0.396617, 0.711737), (0.377482, 0.701416), (0.371043, 0.695917), (0.386469, 0.707472), (0.370767, 0.686333), (0.418818, 0.677856), (0.427563, 0.681739), (0.432594, 0.686354), (0.437027, 0.695621), (0.417207, 0.712603), (0.431054, 0.704348), (0.434597, 0.700023), (0.425239, 0.709289), (0.435637, 0.690782)]
[(0.403183, 0.686149), (0.4023, 0.714978), (0.392063, 0.682092), (0.380929, 0.683905), (0.373387, 0.686277), (0.363577, 0.691601), (0.392, 0.712792), (0.374132, 0.701842), (0.368108, 0.69658), (0.3825, 0.708076), (0.367582, 0.688585), (0.413342, 0.683579), (0.422053, 0.686201), (0.427233, 0.689326), (0.432512, 0.695983), (0.411647, 0.714023), (0.425628, 0.705134), (0.429586, 0.700469), (0.419603, 0.710474), (0.430623, 0.692432)]
[(0.403608, 0.695828), (0.403951, 0.721219), (0.392607, 0.692897), (0.382219, 0.693772), (0.375334, 0.694846), (0.366496, 0.698101), (0.393947, 0.719603), (0.376638, 0.709137), (0.37096, 0.703398), (0.384667, 0.715337), (0.370095, 0.696151), (0.414131, 0.692819), (0.423443, 0.693423), (0.429079, 0.694711), (0.435434, 0.698505), (0.413454, 0.719549), (0.427963, 0.709063), (0.432212, 0.703615), (0.421672, 0.715163), (0.433009, 0.696349)]
[(0.408848, 0.723183), (0.408976, 0.75231), (0.39815, 0.721478), (0.387499, 0.723925), (0.380554, 0.725774), (0.372013, 0.729592), (0.398095, 0.751289), (0.380819, 0.739932), (0.375699, 0.734374), (0.388539, 0.746493), (0.375343, 0.727413), (0.418488, 0.719755), (0.426677, 0.720174), (0.431335, 0.721388), (0.43632, 0.725212), (0.41847, 0.749425), (0.431218, 0.735978), (0.434205, 0.730177), (0.425995, 0.743323), (0.43452, 0.722917)]
[(0.404411, 0.748423), (0.405971, 0.775326), (0.394501, 0.746527), (0.385291, 0.747963), (0.37953, 0.749041), (0.372677, 0.751724), (0.395443, 0.773751), (0.379947, 0.761428), (0.375669, 0.756115), (0.386592, 0.768268), (0.37529, 0.750071), (0.413743, 0.745443), (0.421994, 0.745725), (0.426719, 0.74655), (0.432188, 0.74902), (0.415545, 0.772783), (0.427924, 0.759312), (0.430469, 0.753708), (0.423055, 0.766631), (0.430059, 0.747424)]
[(0.403229, 0.766247), (0.402936, 0.790185), (0.393665, 0.764207), (0.384502, 0.765283), (0.378667, 0.765903), (0.371647, 0.767944), (0.393023, 0.788516), (0.378463, 0.776848), (0.374469, 0.771932), (0.384662, 0.78324), (0.374247, 0.766525), (0.412311, 0.763598), (0.420054, 0.763864), (0.42415, 0.764542), (0.428849, 0.766683), (0.412057, 0.787844), (0.424088, 0.775703), (0.426818, 0.770826), (0.419252, 0.782192), (0.427161, 0.765192)]
[(0.404173, 0.772973), (0.402921, 0.792602), (0.394769, 0.771083), (0.385486, 0.771659), (0.379408, 0.771805), (0.371998, 0.772911), (0.393103, 0.791054), (0.378784, 0.780792), (0.37485, 0.776429), (0.384839, 0.786419), (0.374834, 0.771956), (0.413109, 0.770759), (0.420446, 0.770815), (0.424311, 0.77116), (0.428916, 0.772551), (0.411743, 0.790588), (0.423614, 0.780228), (0.426603, 0.776097), (0.418742, 0.785755), (0.427227, 0.771462)]
[(0.402813, 0.777144), (0.401337, 0.793656), (0.39354, 0.775354), (0.384425, 0.775583), (0.3785, 0.775481), (0.371323, 0.776229), (0.391781, 0.792169), (0.377856, 0.783118), (0.374047, 0.779311), (0.383733, 0.788038), (0.374002, 0.775432), (0.411565, 0.775344), (0.418821, 0.775346), (0.422643, 0.775539), (0.427298, 0.776717), (0.410021, 0.79201), (0.421922, 0.783297), (0.42496, 0.779781), (0.41699, 0.78795), (0.425629, 0.775747)]
[(0.402921, 0.777347), (0.401069, 0.793847), (0.393647, 0.775532), (0.384519, 0.775708), (0.378662, 0.775604), (0.371706, 0.776346), (0.391422, 0.792296), (0.37772, 0.783118), (0.374146, 0.779345), (0.3834, 0.788087), (0.374259, 0.775565), (0.411639, 0.775642), (0.418816, 0.775704), (0.422526, 0.775968), (0.426853, 0.777264), (0.409843, 0.79227), (0.421707, 0.783627), (0.424649, 0.780207), (0.416845, 0.788249), (0.425372, 0.77626)]
[(0.402774, 0.77921), (0.400599, 0.795229), (0.393504, 0.777388), (0.384351, 0.777598), (0.378438, 0.777491), (0.371305, 0.778246), (0.39112, 0.793735), (0.377473, 0.784844), (0.373828, 0.781181), (0.383186, 0.789651), (0.373932, 0.777444), (0.411464, 0.777474), (0.41858, 0.777498), (0.422194, 0.77769), (0.426496, 0.778864), (0.409298, 0.79363), (0.42118, 0.785176), (0.424193, 0.781803), (0.416275, 0.789668), (0.42501, 0.77791)]
[(0.403072, 0.780398), (0.400904, 0.795939), (0.393822, 0.778556), (0.384647, 0.778641), (0.378706, 0.77842), (0.371532, 0.77903), (0.391421, 0.794404), (0.377733, 0.785538), (0.374058, 0.781925), (0.383466, 0.790317), (0.374156, 0.77828), (0.411688, 0.778718), (0.418659, 0.77867), (0.42213, 0.778783), (0.426214, 0.779836), (0.409535, 0.794377), (0.421147, 0.786052), (0.424022, 0.782733), (0.416398, 0.790477), (0.424834, 0.77893)]
[(0.402914, 0.780883), (0.400691, 0.796798), (0.393728, 0.77895), (0.384576, 0.779024), (0.378606, 0.778767), (0.371279, 0.779355), (0.391324, 0.795206), (0.377633, 0.786092), (0.373884, 0.782358), (0.383419, 0.791007), (0.373979, 0.778593), (0.411414, 0.779174), (0.418269, 0.779146), (0.421654, 0.77926), (0.425647, 0.780353), (0.409173, 0.795217), (0.420586, 0.786745), (0.423437, 0.783338), (0.415905, 0.791256), (0.424298, 0.779411)]
[(0.403595, 0.781021), (0.401722, 0.79744), (0.39433, 0.779223), (0.385058, 0.779407), (0.379059, 0.77923), (0.371806, 0.779888), (0.392115, 0.795879), (0.378206, 0.786676), (0.374446, 0.7829), (0.384032, 0.791647), (0.374464, 0.779116), (0.412167, 0.779306), (0.419115, 0.779281), (0.422597, 0.779453), (0.426621, 0.780655), (0.410296, 0.795792), (0.421704, 0.787098), (0.424488, 0.783645), (0.417072, 0.791733), (0.425283, 0.779663)]
[(0.403043, 0.781077), (0.400938, 0.796177), (0.393847, 0.779289), (0.384675, 0.779297), (0.378774, 0.779014), (0.371687, 0.779526), (0.391525, 0.794689), (0.377892, 0.785976), (0.37423, 0.782386), (0.383611, 0.790684), (0.374267, 0.778815), (0.411538, 0.779423), (0.418414, 0.779283), (0.421863, 0.779328), (0.425927, 0.780419), (0.409432, 0.794633), (0.420903, 0.786487), (0.423746, 0.783235), (0.416198, 0.790825), (0.424574, 0.779484)]
[(0.404017, 0.778359), (0.401944, 0.794597), (0.394683, 0.776628), (0.385302, 0.77687), (0.379197, 0.776774), (0.371806, 0.777531), (0.392314, 0.793108), (0.378293, 0.784144), (0.374497, 0.780466), (0.38419, 0.788997), (0.374546, 0.776735), (0.412617, 0.776625), (0.419554, 0.77663), (0.423088, 0.77689), (0.427113, 0.778305), (0.410496, 0.792998), (0.422022, 0.784532), (0.424897, 0.781194), (0.417296, 0.789051), (0.425773, 0.777232)]
[(0.402977, 0.778923), (0.401007, 0.794043), (0.3936, 0.777138), (0.384367, 0.777235), (0.378345, 0.777041), (0.370997, 0.777659), (0.391622, 0.792585), (0.377719, 0.784076), (0.373829, 0.780541), (0.383656, 0.788665), (0.373729, 0.776922), (0.411667, 0.777237), (0.418787, 0.777232), (0.422488, 0.777375), (0.42697, 0.778567), (0.409553, 0.792539), (0.421398, 0.784576), (0.424514, 0.781383), (0.416448, 0.788814), (0.425369, 0.777608)]
[(0.404557, 0.779343), (0.402734, 0.795499), (0.395087, 0.777595), (0.385713, 0.777864), (0.379551, 0.777769), (0.371891, 0.77852), (0.393074, 0.794039), (0.378784, 0.785142), (0.374804, 0.781494), (0.384837, 0.789955), (0.374818, 0.777735), (0.413423, 0.777547), (0.42059, 0.777533), (0.424256, 0.777688), (0.42873, 0.778718), (0.411433, 0.793826), (0.423234, 0.785171), (0.426293, 0.781738), (0.418378, 0.789785), (0.427086, 0.777825)]
[(0.402919, 0.781071), (0.40107, 0.79679), (0.393653, 0.779282), (0.384498, 0.779472), (0.378531, 0.779318), (0.371181, 0.779953), (0.391719, 0.795312), (0.377851, 0.786572), (0.37397, 0.782929), (0.383766, 0.791294), (0.373935, 0.779206), (0.411646, 0.779353), (0.418758, 0.779364), (0.422421, 0.779494), (0.426904, 0.780541), (0.409639, 0.795201), (0.421456, 0.78687), (0.424496, 0.783498), (0.416545, 0.791315), (0.425296, 0.779633)]
[(0.404887, 0.779917), (0.403114, 0.795787), (0.395574, 0.778288), (0.386301, 0.778717), (0.380162, 0.778746), (0.372515, 0.779583), (0.393628, 0.794425), (0.37948, 0.785892), (0.375468, 0.782423), (0.385519, 0.790497), (0.375438, 0.778785), (0.413559, 0.7781), (0.420525, 0.778095), (0.424104, 0.778283), (0.428495, 0.779283), (0.411588, 0.794109), (0.4231, 0.785616), (0.426083, 0.78225), (0.418354, 0.790124), (0.426877, 0.778423)]
[(0.403206, 0.778119), (0.401636, 0.794), (0.394139, 0.776422), (0.385264, 0.776733), (0.379515, 0.776747), (0.372589, 0.777638), (0.392413, 0.792571), (0.378969, 0.784021), (0.375259, 0.780498), (0.384654, 0.788634), (0.375158, 0.776809), (0.41174, 0.776438), (0.4188, 0.776557), (0.422444, 0.77684), (0.426796, 0.778052), (0.410067, 0.792449), (0.421585, 0.784212), (0.424511, 0.780925), (0.416828, 0.788598), (0.425253, 0.777099)]
[(0.404133, 0.777812), (0.402334, 0.794254), (0.394903, 0.776293), (0.385699, 0.776722), (0.3798, 0.776808), (0.372838, 0.77774), (0.392758, 0.792893), (0.378997, 0.784251), (0.375362, 0.780638), (0.384732, 0.78895), (0.375377, 0.776899), (0.412719, 0.776127), (0.419746, 0.776196), (0.423366, 0.776535), (0.427468, 0.77799), (0.410894, 0.792605), (0.422444, 0.784175), (0.425292, 0.780857), (0.417714, 0.78866), (0.4261, 0.776922)]
[(0.404311, 0.77594), (0.402633, 0.794127), (0.394994, 0.77426), (0.38571, 0.774832), (0.379718, 0.775022), (0.372598, 0.776184), (0.392948, 0.792635), (0.378942, 0.78322), (0.375203, 0.779303), (0.38482, 0.788334), (0.375188, 0.775216), (0.412994, 0.774092), (0.42016, 0.774294), (0.423864, 0.774773), (0.428092, 0.776475), (0.411319, 0.792369), (0.423056, 0.783214), (0.425924, 0.779589), (0.418244, 0.788095), (0.426664, 0.77527)]
[(0.40466, 0.777116), (0.403041, 0.795075), (0.395221, 0.77551), (0.385755, 0.776071), (0.379587, 0.776187), (0.372166, 0.777263), (0.393265, 0.79368), (0.378937, 0.784444), (0.374985, 0.780481), (0.385005, 0.789496), (0.374879, 0.776322), (0.413474, 0.775135), (0.420699, 0.775122), (0.424423, 0.775445), (0.428669, 0.776967), (0.411773, 0.793201), (0.42356, 0.783918), (0.426449, 0.780198), (0.418719, 0.788857), (0.427247, 0.775816)]
[(0.405832, 0.776976), (0.403999, 0.793986), (0.396533, 0.77552), (0.387137, 0.776232), (0.381012, 0.776482), (0.373686, 0.777653), (0.394324, 0.792766), (0.38017, 0.784237), (0.376349, 0.780579), (0.386147, 0.788922), (0.376358, 0.776698), (0.414455, 0.775044), (0.421447, 0.775061), (0.424974, 0.775408), (0.428982, 0.776945), (0.412546, 0.792162), (0.424069, 0.783413), (0.426875, 0.779934), (0.419332, 0.788062), (0.427679, 0.775799)]
[(0.406043, 0.775738), (0.404403, 0.79293), (0.3968, 0.774402), (0.387509, 0.775201), (0.381472, 0.775529), (0.374401, 0.776823), (0.3948, 0.79181), (0.38081, 0.783397), (0.377053, 0.779741), (0.386708, 0.788041), (0.376966, 0.775809), (0.414681, 0.773693), (0.421772, 0.77362), (0.425434, 0.773944), (0.429611, 0.775546), (0.412885, 0.791014), (0.424524, 0.782108), (0.427437, 0.778571), (0.419681, 0.786829), (0.428237, 0.77435)]
[(0.407994, 0.778106), (0.406683, 0.793394), (0.398655, 0.776891), (0.389391, 0.777672), (0.383244, 0.777941), (0.375603, 0.778944), (0.397129, 0.792434), (0.38276, 0.784924), (0.37865, 0.781647), (0.388938, 0.789074), (0.378527, 0.778133), (0.416809, 0.776149), (0.42412, 0.776022), (0.427973, 0.776166), (0.432653, 0.777123), (0.415245, 0.791559), (0.427067, 0.783298), (0.430198, 0.780012), (0.422112, 0.787656), (0.430961, 0.776287)]
[(0.407622, 0.779135), (0.40671, 0.795107), (0.398409, 0.777994), (0.389243, 0.778778), (0.383296, 0.779053), (0.376214, 0.780044), (0.39702, 0.794135), (0.382851, 0.786307), (0.378979, 0.78284), (0.38884, 0.790654), (0.378853, 0.779217), (0.416342, 0.777165), (0.423601, 0.776986), (0.427489, 0.777138), (0.432215, 0.778248), (0.415296, 0.793194), (0.427054, 0.784613), (0.430016, 0.781178), (0.422166, 0.789161), (0.430523, 0.777314)]
[(0.408123, 0.777649), (0.407023, 0.793065), (0.398923, 0.776663), (0.389704, 0.777545), (0.383706, 0.77792), (0.376691, 0.77908), (0.397311, 0.792235), (0.383192, 0.784974), (0.3794, 0.781712), (0.389141, 0.789041), (0.3793, 0.778194), (0.416836, 0.775716), (0.424078, 0.77557), (0.427978, 0.775799), (0.432621, 0.777082), (0.415562, 0.791224), (0.427378, 0.783091), (0.43039, 0.779851), (0.422427, 0.7874), (0.430974, 0.776082)]
[(0.409716, 0.774682), (0.408783, 0.789233), (0.400475, 0.773751), (0.391367, 0.774744), (0.385423, 0.775258), (0.378193, 0.776584), (0.399282, 0.788602), (0.38508, 0.782028), (0.381106, 0.77904), (0.391193, 0.785752), (0.380995, 0.775664), (0.418491, 0.772631), (0.425964, 0.772441), (0.430098, 0.772659), (0.435033, 0.773872), (0.417293, 0.787458), (0.429344, 0.779668), (0.432558, 0.776555), (0.424226, 0.783807), (0.433212, 0.772943)]
[(0.409566, 0.771762), (0.408813, 0.790476), (0.400007, 0.770461), (0.390655, 0.771768), (0.384558, 0.772571), (0.377164, 0.774484), (0.398913, 0.789537), (0.384169, 0.781102), (0.380072, 0.777449), (0.390515, 0.785791), (0.379986, 0.773245), (0.418399, 0.769435), (0.425905, 0.769543), (0.430043, 0.770054), (0.435028, 0.771887), (0.417579, 0.788463), (0.429682, 0.778929), (0.43274, 0.775115), (0.424627, 0.784019), (0.433175, 0.770625)]
[(0.411493, 0.775052), (0.411112, 0.796988), (0.401634, 0.773109), (0.392099, 0.774277), (0.385788, 0.774861), (0.377818, 0.776682), (0.401156, 0.795571), (0.385766, 0.784934), (0.381204, 0.780425), (0.392544, 0.790752), (0.380884, 0.775394), (0.420639, 0.772253), (0.428462, 0.772317), (0.432771, 0.77271), (0.4383, 0.77422), (0.420058, 0.794659), (0.432515, 0.783109), (0.435718, 0.778351), (0.427299, 0.789295), (0.436163, 0.77304)]
[(0.413421, 0.776298), (0.413348, 0.799299), (0.403533, 0.774428), (0.394043, 0.775787), (0.38776, 0.776457), (0.379769, 0.778448), (0.403365, 0.79793), (0.387902, 0.786899), (0.383252, 0.782289), (0.394724, 0.792934), (0.38286, 0.777077), (0.422583, 0.77321), (0.430388, 0.773091), (0.434597, 0.773378), (0.44003, 0.774539), (0.422292, 0.796671), (0.434429, 0.784136), (0.437491, 0.779008), (0.429429, 0.790819), (0.437896, 0.773507)]
[(0.414185, 0.779244), (0.414303, 0.799998), (0.404368, 0.777742), (0.394995, 0.779009), (0.388847, 0.779562), (0.381175, 0.781359), (0.404426, 0.798893), (0.389169, 0.788912), (0.384621, 0.784784), (0.395874, 0.794359), (0.384076, 0.780078), (0.423114, 0.776191), (0.430757, 0.775684), (0.434877, 0.775619), (0.440233, 0.776445), (0.423084, 0.797304), (0.434874, 0.785371), (0.437801, 0.780592), (0.430043, 0.791671), (0.438163, 0.77555)]
[(0.414235, 0.781538), (0.414034, 0.799753), (0.404617, 0.780256), (0.395525, 0.781342), (0.389557, 0.781777), (0.382078, 0.78326), (0.404466, 0.798927), (0.389744, 0.790147), (0.385372, 0.786387), (0.396208, 0.795003), (0.384927, 0.782179), (0.423034, 0.778559), (0.430507, 0.7778), (0.434523, 0.777507), (0.439759, 0.777951), (0.422613, 0.797144), (0.434296, 0.786154), (0.437307, 0.781765), (0.429446, 0.791927), (0.437728, 0.777275)]
[(0.414697, 0.781835), (0.414265, 0.798347), (0.405202, 0.780693), (0.396294, 0.781652), (0.390494, 0.782037), (0.383293, 0.783331), (0.404855, 0.797664), (0.390583, 0.789642), (0.386418, 0.786185), (0.396798, 0.794106), (0.38605, 0.782381), (0.423361, 0.778996), (0.430676, 0.778171), (0.434625, 0.77782), (0.439747, 0.778155), (0.422724, 0.795886), (0.43429, 0.785668), (0.437312, 0.781631), (0.429485, 0.791025), (0.437749, 0.777579)]
[(0.416294, 0.781004), (0.415303, 0.797423), (0.406903, 0.779896), (0.397856, 0.780874), (0.391935, 0.781293), (0.384664, 0.782636), (0.405937, 0.796784), (0.391778, 0.788938), (0.387691, 0.785468), (0.397922, 0.793347), (0.387445, 0.78166), (0.424762, 0.778271), (0.431865, 0.777544), (0.435676, 0.777358), (0.440442, 0.778141), (0.423593, 0.795057), (0.43504, 0.785295), (0.438069, 0.781447), (0.430253, 0.790422), (0.438644, 0.777351)]
[(0.417942, 0.783993), (0.416382, 0.800203), (0.408483, 0.782979), (0.399095, 0.784041), (0.392945, 0.784428), (0.385533, 0.785706), (0.406959, 0.799601), (0.392655, 0.791916), (0.38851, 0.788513), (0.398869, 0.796222), (0.388262, 0.784722), (0.426282, 0.781276), (0.433071, 0.780473), (0.436537, 0.780236), (0.440805, 0.781097), (0.424522, 0.797769), (0.435635, 0.788156), (0.438535, 0.784386), (0.431002, 0.793172), (0.439289, 0.780226)]
[(0.417833, 0.786464), (0.415972, 0.803622), (0.408397, 0.785587), (0.39894, 0.786896), (0.392833, 0.787361), (0.385433, 0.788593), (0.4065, 0.803042), (0.392264, 0.795051), (0.388227, 0.79152), (0.398407, 0.799534), (0.388104, 0.787628), (0.426346, 0.783666), (0.433309, 0.782853), (0.436832, 0.782643), (0.441162, 0.783477), (0.424322, 0.801027), (0.435843, 0.790927), (0.438806, 0.78697), (0.43104, 0.796171), (0.439658, 0.78258)]
[(0.419346, 0.783158), (0.417662, 0.8031), (0.409657, 0.782064), (0.399894, 0.783624), (0.393451, 0.78423), (0.385309, 0.785813), (0.407799, 0.802313), (0.392748, 0.793198), (0.388414, 0.789174), (0.399274, 0.798299), (0.388352, 0.78466), (0.428184, 0.780172), (0.43532, 0.779616), (0.438896, 0.779679), (0.443191, 0.780957), (0.426286, 0.800367), (0.437935, 0.789261), (0.440826, 0.784864), (0.433129, 0.795088), (0.44168, 0.779817)]
[(0.418276, 0.785039), (0.416912, 0.80501), (0.408806, 0.783813), (0.399421, 0.785117), (0.393403, 0.785687), (0.38606, 0.787505), (0.407446, 0.804014), (0.393089, 0.794696), (0.388978, 0.790774), (0.399318, 0.799819), (0.388665, 0.786207), (0.42697, 0.782313), (0.434177, 0.781865), (0.437686, 0.781994), (0.441901, 0.783282), (0.425515, 0.802418), (0.436917, 0.791489), (0.439622, 0.787147), (0.432295, 0.797196), (0.440421, 0.782128)]
[(0.421228, 0.777701), (0.420434, 0.798575), (0.411177, 0.776389), (0.401381, 0.777847), (0.395035, 0.778478), (0.387222, 0.780494), (0.410443, 0.797616), (0.39505, 0.788015), (0.390534, 0.783931), (0.401774, 0.793309), (0.390062, 0.779077), (0.430443, 0.774657), (0.438261, 0.774112), (0.442262, 0.774042), (0.447341, 0.774998), (0.429562, 0.795735), (0.441879, 0.783906), (0.444882, 0.779176), (0.43684, 0.790108), (0.445445, 0.773988)]
[(0.421139, 0.77694), (0.420408, 0.798986), (0.411199, 0.775497), (0.40132, 0.777188), (0.394822, 0.778095), (0.386659, 0.780482), (0.410435, 0.797994), (0.394768, 0.788197), (0.390082, 0.784015), (0.401681, 0.79361), (0.389662, 0.778913), (0.430106, 0.773851), (0.437577, 0.773588), (0.441308, 0.773881), (0.44582, 0.77537), (0.429281, 0.796215), (0.440959, 0.784345), (0.443649, 0.779559), (0.436259, 0.790615), (0.4442, 0.774115)]
[(0.42179, 0.775737), (0.42143, 0.797173), (0.411993, 0.774494), (0.402344, 0.776208), (0.395982, 0.777148), (0.388009, 0.779524), (0.411582, 0.796317), (0.396079, 0.786967), (0.391437, 0.782933), (0.402927, 0.792149), (0.390913, 0.777992), (0.430748, 0.772637), (0.438296, 0.772322), (0.442094, 0.77262), (0.446657, 0.774051), (0.430314, 0.794404), (0.441911, 0.782792), (0.444512, 0.778136), (0.437277, 0.788899), (0.445014, 0.772832)]
[(0.422425, 0.774631), (0.421963, 0.796593), (0.412583, 0.773253), (0.402792, 0.774981), (0.396268, 0.775956), (0.388018, 0.778416), (0.411951, 0.795667), (0.396209, 0.786049), (0.391482, 0.781907), (0.403168, 0.791363), (0.39108, 0.776834), (0.43142, 0.771504), (0.438889, 0.771275), (0.442645, 0.771628), (0.447086, 0.773131), (0.430943, 0.793792), (0.442537, 0.781956), (0.445059, 0.777234), (0.437947, 0.788174), (0.445494, 0.771878)]
[(0.422216, 0.77751), (0.422007, 0.800765), (0.412273, 0.776276), (0.40244, 0.778171), (0.396063, 0.779259), (0.388113, 0.781909), (0.411929, 0.799806), (0.39621, 0.789727), (0.391543, 0.785515), (0.403124, 0.795271), (0.390989, 0.780247), (0.431346, 0.774278), (0.439105, 0.77402), (0.44305, 0.774415), (0.447722, 0.775963), (0.431196, 0.797809), (0.44305, 0.785279), (0.445587, 0.780326), (0.438383, 0.791869), (0.446026, 0.774669)]
[(0.421763, 0.780684), (0.421353, 0.80351), (0.411927, 0.779628), (0.402119, 0.781572), (0.395846, 0.782724), (0.388091, 0.785401), (0.411471, 0.802591), (0.396054, 0.79291), (0.391478, 0.788905), (0.402861, 0.798208), (0.390856, 0.783734), (0.430825, 0.777613), (0.438549, 0.777373), (0.442402, 0.777799), (0.447048, 0.77937), (0.430425, 0.800601), (0.442211, 0.788476), (0.444791, 0.783672), (0.437535, 0.794841), (0.445347, 0.778045)]
[(0.422508, 0.780614), (0.422188, 0.803478), (0.412673, 0.7796), (0.402863, 0.7816), (0.396568, 0.782754), (0.388788, 0.785461), (0.412303, 0.802621), (0.396834, 0.792998), (0.39221, 0.788972), (0.403665, 0.798286), (0.39156, 0.783779), (0.431543, 0.777441), (0.439169, 0.777145), (0.443005, 0.777553), (0.447594, 0.77925), (0.431156, 0.800523), (0.44282, 0.78837), (0.445361, 0.783562), (0.438188, 0.794745), (0.445924, 0.777858)]
[(0.422616, 0.782432), (0.422222, 0.805259), (0.412686, 0.781458), (0.402733, 0.78353), (0.396358, 0.784747), (0.388421, 0.787527), (0.412236, 0.804476), (0.396525, 0.794956), (0.391855, 0.790991), (0.403471, 0.8002), (0.391254, 0.785803), (0.431635, 0.779198), (0.439209, 0.778839), (0.442979, 0.779219), (0.447486, 0.78086), (0.431186, 0.802251), (0.442803, 0.790004), (0.445313, 0.785177), (0.438203, 0.796431), (0.445859, 0.779482)]
[(0.422321, 0.78133), (0.422172, 0.80378), (0.412421, 0.780261), (0.402653, 0.782264), (0.396343, 0.783422), (0.388406, 0.786151), (0.412199, 0.802959), (0.396563, 0.793517), (0.391884, 0.789568), (0.403458, 0.79872), (0.391281, 0.784469), (0.431442, 0.778143), (0.439185, 0.777879), (0.443126, 0.778229), (0.447938, 0.779634), (0.431261, 0.800864), (0.443126, 0.788755), (0.445714, 0.783925), (0.438411, 0.795126), (0.44614, 0.778417)]
[(0.422742, 0.783599), (0.422492, 0.806251), (0.41278, 0.782603), (0.402891, 0.784535), (0.396546, 0.785604), (0.388632, 0.788181), (0.412393, 0.805455), (0.396666, 0.795745), (0.392034, 0.791685), (0.403581, 0.801105), (0.391475, 0.78656), (0.431928, 0.780338), (0.439725, 0.779852), (0.44373, 0.780024), (0.448641, 0.781234), (0.431742, 0.803161), (0.44377, 0.790582), (0.446386, 0.785627), (0.438997, 0.797174), (0.446808, 0.780077)]
[(0.422372, 0.782886), (0.423001, 0.805875), (0.41232, 0.781864), (0.402583, 0.783778), (0.396354, 0.784856), (0.388588, 0.787441), (0.412817, 0.805031), (0.396918, 0.795199), (0.392155, 0.791045), (0.403923, 0.80062), (0.391408, 0.785833), (0.431846, 0.779559), (0.440043, 0.779119), (0.444389, 0.779284), (0.449816, 0.780311), (0.432436, 0.802773), (0.444817, 0.789946), (0.447492, 0.784834), (0.439901, 0.796692), (0.447727, 0.779278)]
[(0.423234, 0.786597), (0.42292, 0.807597), (0.41324, 0.785557), (0.403329, 0.787344), (0.39687, 0.788305), (0.388593, 0.790623), (0.413006, 0.806814), (0.397103, 0.797734), (0.39223, 0.793949), (0.404202, 0.802737), (0.391624, 0.789134), (0.432296, 0.783462), (0.439912, 0.78295), (0.443829, 0.783045), (0.448753, 0.78407), (0.43179, 0.804725), (0.44362, 0.792966), (0.44638, 0.78827), (0.438826, 0.799156), (0.4469, 0.783037)]
[(0.422912, 0.786982), (0.423232, 0.808199), (0.412843, 0.785817), (0.403035, 0.787476), (0.396679, 0.788306), (0.388555, 0.790445), (0.413275, 0.807276), (0.39733, 0.797834), (0.392361, 0.793915), (0.404474, 0.802992), (0.391534, 0.789028), (0.432204, 0.783752), (0.440141, 0.783225), (0.444358, 0.783207), (0.449854, 0.783936), (0.43229, 0.805297), (0.444498, 0.793218), (0.44734, 0.788327), (0.439534, 0.799588), (0.447725, 0.783045)]
[(0.423289, 0.789239), (0.422808, 0.810005), (0.413061, 0.788), (0.40294, 0.789544), (0.396285, 0.790242), (0.387639, 0.79223), (0.412649, 0.809072), (0.396446, 0.799534), (0.39143, 0.795638), (0.403687, 0.804753), (0.39084, 0.790865), (0.432539, 0.78606), (0.44025, 0.785453), (0.444254, 0.785371), (0.449411, 0.786059), (0.431963, 0.80713), (0.444079, 0.795142), (0.446919, 0.790353), (0.43918, 0.801442), (0.447426, 0.78518)]
[(0.423133, 0.788978), (0.422683, 0.811291), (0.412817, 0.787565), (0.402583, 0.789093), (0.395817, 0.789785), (0.386958, 0.791938), (0.41246, 0.810168), (0.396056, 0.799879), (0.390893, 0.795651), (0.403428, 0.805487), (0.390243, 0.790475), (0.432533, 0.785746), (0.440407, 0.785206), (0.444415, 0.785201), (0.449427, 0.786009), (0.432023, 0.808299), (0.444156, 0.795653), (0.446926, 0.790577), (0.439291, 0.802287), (0.447533, 0.785051)]
[(0.423951, 0.790764), (0.423187, 0.812678), (0.413672, 0.789678), (0.403272, 0.791399), (0.396462, 0.792179), (0.387765, 0.794309), (0.412865, 0.811794), (0.396449, 0.801967), (0.391473, 0.797872), (0.403756, 0.807372), (0.390923, 0.792851), (0.433088, 0.787504), (0.440609, 0.786782), (0.444419, 0.786731), (0.44909, 0.787822), (0.432242, 0.809619), (0.444051, 0.797181), (0.446735, 0.792237), (0.439293, 0.803714), (0.447394, 0.786688)]
[(0.425158, 0.79324), (0.423941, 0.814178), (0.414871, 0.792096), (0.404546, 0.793632), (0.397667, 0.794216), (0.38875, 0.796137), (0.413804, 0.813393), (0.397542, 0.803731), (0.392522, 0.799686), (0.40483, 0.809062), (0.39203, 0.794762), (0.434368, 0.789754), (0.441818, 0.788697), (0.445551, 0.78835), (0.450135, 0.788944), (0.43302, 0.810967), (0.444829, 0.798377), (0.447633, 0.79344), (0.440051, 0.804905), (0.448446, 0.78803)]
[(0.423742, 0.797138), (0.421901, 0.819073), (0.413524, 0.795825), (0.403164, 0.797418), (0.396402, 0.798121), (0.387699, 0.800075), (0.41189, 0.818102), (0.395956, 0.807913), (0.391183, 0.80372), (0.403016, 0.813516), (0.390843, 0.798689), (0.432796, 0.793791), (0.440121, 0.793024), (0.443695, 0.793009), (0.447969, 0.794172), (0.430786, 0.815991), (0.442595, 0.803454), (0.44549, 0.798579), (0.437785, 0.809975), (0.446476, 0.793016)]
[(0.424293, 0.798511), (0.422881, 0.819502), (0.414025, 0.79745), (0.403606, 0.799148), (0.396804, 0.7999), (0.388087, 0.80194), (0.412803, 0.818731), (0.396631, 0.809275), (0.391724, 0.805371), (0.40385, 0.814486), (0.391225, 0.800526), (0.433408, 0.795207), (0.44086, 0.79432), (0.444514, 0.794162), (0.449042, 0.795023), (0.431846, 0.816376), (0.44364, 0.804132), (0.446496, 0.799371), (0.438851, 0.810471), (0.447398, 0.794)]
[(0.424427, 0.802132), (0.423028, 0.822796), (0.41428, 0.80124), (0.404041, 0.80294), (0.397414, 0.803691), (0.388927, 0.805617), (0.413059, 0.822099), (0.397193, 0.812855), (0.392449, 0.809006), (0.404248, 0.817969), (0.391995, 0.804272), (0.433523, 0.798854), (0.441011, 0.797888), (0.444756, 0.797691), (0.449424, 0.798516), (0.431886, 0.819661), (0.443741, 0.80753), (0.446735, 0.80281), (0.438855, 0.81382), (0.447728, 0.797507)]
[(0.42443, 0.803749), (0.423713, 0.824384), (0.414092, 0.802664), (0.403927, 0.804038), (0.397418, 0.804561), (0.38913, 0.806355), (0.413575, 0.823539), (0.397584, 0.813815), (0.392757, 0.809838), (0.404688, 0.819161), (0.392124, 0.805049), (0.433918, 0.800356), (0.441845, 0.799215), (0.445812, 0.798781), (0.450847, 0.799049), (0.43304, 0.821192), (0.445281, 0.808535), (0.448216, 0.803566), (0.440335, 0.815104), (0.448943, 0.798295)]
[(0.425003, 0.804868), (0.423787, 0.825024), (0.414593, 0.803741), (0.404297, 0.805058), (0.397793, 0.80558), (0.389625, 0.807316), (0.413627, 0.824157), (0.397851, 0.814639), (0.39315, 0.810726), (0.404821, 0.819883), (0.392562, 0.806055), (0.4346, 0.801666), (0.442573, 0.800693), (0.446555, 0.800421), (0.451464, 0.800972), (0.43316, 0.822073), (0.445656, 0.810045), (0.448744, 0.805294), (0.440564, 0.816327), (0.44966, 0.800107)]
[(0.425949, 0.805921), (0.42483, 0.826019), (0.415635, 0.804855), (0.405444, 0.806181), (0.398915, 0.806726), (0.390704, 0.808574), (0.414715, 0.825248), (0.398917, 0.815883), (0.394202, 0.81197), (0.405899, 0.821077), (0.393683, 0.807252), (0.435577, 0.802634), (0.443583, 0.801531), (0.447626, 0.801129), (0.452626, 0.801468), (0.434238, 0.82294), (0.446796, 0.810704), (0.449902, 0.805863), (0.441671, 0.817076), (0.450759, 0.800692)]
