[(0.391444, 0.744602), (0.392369, 0.768752), (0.381304, 0.742442), (0.372279, 0.742965), (0.366971, 0.743514), (0.36129, 0.745745), (0.38184, 0.766423), (0.367093, 0.754389), (0.363608, 0.749661), (0.373088, 0.760735), (0.363269, 0.744224), (0.401587, 0.742939), (0.411017, 0.743954), (0.416394, 0.744872), (0.423233, 0.747363), (0.402875, 0.767071), (0.417547, 0.755968), (0.420912, 0.751332), (0.411576, 0.762041), (0.420467, 0.745788)]
[(0.392686, 0.743823), (0.394062, 0.765402), (0.383503, 0.742475), (0.375438, 0.743727), (0.370654, 0.744692), (0.36527, 0.747154), (0.384659, 0.764166), (0.371004, 0.754522), (0.367622, 0.750497), (0.376694, 0.759782), (0.367239, 0.745643), (0.401763, 0.74141), (0.410154, 0.741714), (0.414975, 0.742189), (0.421258, 0.743826), (0.403349, 0.763174), (0.416233, 0.752091), (0.419191, 0.747587), (0.411, 0.758043), (0.418643, 0.742685)]
[(0.398047, 0.750965), (0.39857, 0.769787), (0.389165, 0.75034), (0.380973, 0.75201), (0.376031, 0.753108), (0.370539, 0.755365), (0.389318, 0.769296), (0.376096, 0.761525), (0.372784, 0.758143), (0.381561, 0.765891), (0.372554, 0.754027), (0.406658, 0.74833), (0.414347, 0.748067), (0.418707, 0.748215), (0.424264, 0.749383), (0.407358, 0.767227), (0.419425, 0.756732), (0.422244, 0.752703), (0.414509, 0.762242), (0.422056, 0.748449)]
[(0.402556, 0.762035), (0.401675, 0.77985), (0.393385, 0.761529), (0.38434, 0.763408), (0.378622, 0.764406), (0.371557, 0.766459), (0.392577, 0.779573), (0.378536, 0.772317), (0.374473, 0.769186), (0.384618, 0.776401), (0.374205, 0.76515), (0.411111, 0.759071), (0.418326, 0.758288), (0.422072, 0.758085), (0.42678, 0.758763), (0.41002, 0.776955), (0.421516, 0.76634), (0.424419, 0.762324), (0.416768, 0.771792), (0.425014, 0.757946)]
[(0.404893, 0.766853), (0.403457, 0.783278), (0.395544, 0.766744), (0.386019, 0.768804), (0.379968, 0.769859), (0.372335, 0.771854), (0.394249, 0.783388), (0.37971, 0.777149), (0.375425, 0.774341), (0.386083, 0.780753), (0.375203, 0.770614), (0.413493, 0.76376), (0.420534, 0.762619), (0.424128, 0.762213), (0.428648, 0.76256), (0.411706, 0.780268), (0.423121, 0.769952), (0.42614, 0.766058), (0.418361, 0.775233), (0.426972, 0.76188)]
[(0.405024, 0.770498), (0.40344, 0.786456), (0.395575, 0.770356), (0.385876, 0.772223), (0.379811, 0.773091), (0.372233, 0.774831), (0.394134, 0.786535), (0.379523, 0.780173), (0.375267, 0.777328), (0.38592, 0.783838), (0.375029, 0.773684), (0.41371, 0.767412), (0.42076, 0.766099), (0.424274, 0.765544), (0.428694, 0.765679), (0.411756, 0.783413), (0.423208, 0.773056), (0.426201, 0.769165), (0.418453, 0.778352), (0.427065, 0.76507)]
[(0.405091, 0.772497), (0.403589, 0.788581), (0.395597, 0.772308), (0.385882, 0.774064), (0.379866, 0.774816), (0.372387, 0.776421), (0.394277, 0.788507), (0.379716, 0.781849), (0.375451, 0.778957), (0.386103, 0.785617), (0.375096, 0.775316), (0.413842, 0.769501), (0.421035, 0.768171), (0.424583, 0.767567), (0.429148, 0.767576), (0.412017, 0.785536), (0.423579, 0.775084), (0.426574, 0.771135), (0.418789, 0.780417), (0.427472, 0.767007)]
[(0.40327, 0.775132), (0.401543, 0.792434), (0.393989, 0.774729), (0.384404, 0.77632), (0.378402, 0.776909), (0.370727, 0.778304), (0.392493, 0.792187), (0.378088, 0.784622), (0.373814, 0.78127), (0.384472, 0.788891), (0.373555, 0.777231), (0.411934, 0.771961), (0.41898, 0.770494), (0.422502, 0.769748), (0.427165, 0.769647), (0.409783, 0.789164), (0.421304, 0.777858), (0.424442, 0.773544), (0.416448, 0.783638), (0.425425, 0.769054)]
[(0.403575, 0.774603), (0.402214, 0.790971), (0.394313, 0.774129), (0.384905, 0.775534), (0.379051, 0.776019), (0.371689, 0.777381), (0.39314, 0.790647), (0.378875, 0.783305), (0.374693, 0.78014), (0.385142, 0.787427), (0.374364, 0.776336), (0.412245, 0.771637), (0.419389, 0.770302), (0.422926, 0.769568), (0.427591, 0.769372), (0.410568, 0.787934), (0.422047, 0.777167), (0.425018, 0.773056), (0.417282, 0.78269), (0.425832, 0.76888)]
[(0.403825, 0.776723), (0.402649, 0.793772), (0.394615, 0.776465), (0.385157, 0.778111), (0.379347, 0.778759), (0.372089, 0.78034), (0.393596, 0.793542), (0.379327, 0.786285), (0.375121, 0.78313), (0.385628, 0.790362), (0.374698, 0.779198), (0.412457, 0.773654), (0.419633, 0.772261), (0.423177, 0.77156), (0.427814, 0.771474), (0.410941, 0.790559), (0.422295, 0.779507), (0.425208, 0.775287), (0.417583, 0.785166), (0.426082, 0.770899)]
[(0.403438, 0.776397), (0.402557, 0.793848), (0.394099, 0.776136), (0.384692, 0.777828), (0.37895, 0.778524), (0.371858, 0.780149), (0.393428, 0.793598), (0.379122, 0.786216), (0.374914, 0.782997), (0.385445, 0.790353), (0.374366, 0.778992), (0.412235, 0.773246), (0.419703, 0.771862), (0.42342, 0.771209), (0.428344, 0.771115), (0.411024, 0.790608), (0.42269, 0.779381), (0.42569, 0.775042), (0.417834, 0.785139), (0.426488, 0.770534)]
[(0.403424, 0.776362), (0.402115, 0.793761), (0.393956, 0.776109), (0.384408, 0.777773), (0.378547, 0.778456), (0.371296, 0.780047), (0.392889, 0.793511), (0.37853, 0.786126), (0.37434, 0.782897), (0.384858, 0.790257), (0.373862, 0.778911), (0.412381, 0.773266), (0.419928, 0.771894), (0.423684, 0.771238), (0.428662, 0.771133), (0.41076, 0.790518), (0.422719, 0.77934), (0.42588, 0.77503), (0.417712, 0.785048), (0.426789, 0.770564)]
[(0.403621, 0.777546), (0.402283, 0.796192), (0.394319, 0.777298), (0.384774, 0.779096), (0.378921, 0.779884), (0.371644, 0.781588), (0.393196, 0.795919), (0.378869, 0.788142), (0.374666, 0.78468), (0.385227, 0.792505), (0.374236, 0.780379), (0.412498, 0.774316), (0.419961, 0.772885), (0.423727, 0.772237), (0.428704, 0.772248), (0.41076, 0.79278), (0.422683, 0.780977), (0.425881, 0.776394), (0.417641, 0.787034), (0.426834, 0.77157)]
[(0.403781, 0.777116), (0.402748, 0.795116), (0.394582, 0.776942), (0.385137, 0.778791), (0.379456, 0.77967), (0.372598, 0.781529), (0.393762, 0.794884), (0.379675, 0.787576), (0.375546, 0.784383), (0.385911, 0.791658), (0.374996, 0.780263), (0.412511, 0.774036), (0.419911, 0.772692), (0.423667, 0.772137), (0.428575, 0.772335), (0.411053, 0.791863), (0.422746, 0.780631), (0.425838, 0.776275), (0.417819, 0.786398), (0.426749, 0.771591)]
[(0.404124, 0.776686), (0.403317, 0.794364), (0.394881, 0.776411), (0.385495, 0.778107), (0.379852, 0.778836), (0.373047, 0.780522), (0.394366, 0.794083), (0.380242, 0.786605), (0.376061, 0.783392), (0.386508, 0.790758), (0.375418, 0.779309), (0.412788, 0.773501), (0.420093, 0.772025), (0.423768, 0.771305), (0.428733, 0.771286), (0.411538, 0.791068), (0.423047, 0.779674), (0.426061, 0.775273), (0.41822, 0.785515), (0.426856, 0.770629)]
[(0.404635, 0.775588), (0.403796, 0.792936), (0.395259, 0.775354), (0.385807, 0.777075), (0.380118, 0.777806), (0.373321, 0.779469), (0.394671, 0.792715), (0.380459, 0.785371), (0.376312, 0.782241), (0.386718, 0.789465), (0.375669, 0.778289), (0.413421, 0.772379), (0.420828, 0.77091), (0.424568, 0.770195), (0.429595, 0.770114), (0.412202, 0.789666), (0.423889, 0.778361), (0.426922, 0.774034), (0.419007, 0.784143), (0.427697, 0.769513)]
[(0.404825, 0.774027), (0.403772, 0.789911), (0.395513, 0.773867), (0.386204, 0.775521), (0.38047, 0.776199), (0.373424, 0.777753), (0.394787, 0.789819), (0.380672, 0.783155), (0.376495, 0.780294), (0.386904, 0.786895), (0.37594, 0.776656), (0.41351, 0.770889), (0.420732, 0.76941), (0.424367, 0.76863), (0.429337, 0.768304), (0.412048, 0.786763), (0.423554, 0.776078), (0.426615, 0.772012), (0.418733, 0.78152), (0.4274, 0.767881)]
[(0.4042, 0.772235), (0.403746, 0.78866), (0.394903, 0.772326), (0.385682, 0.774233), (0.380079, 0.775144), (0.373345, 0.777088), (0.394608, 0.788787), (0.380388, 0.782384), (0.376295, 0.779567), (0.386591, 0.786031), (0.375687, 0.77586), (0.412822, 0.769004), (0.420111, 0.767506), (0.423794, 0.76679), (0.428703, 0.766649), (0.412148, 0.785376), (0.423495, 0.774439), (0.426278, 0.770319), (0.418849, 0.780013), (0.426821, 0.766163)]
[(0.404143, 0.773264), (0.404005, 0.789537), (0.394776, 0.77321), (0.385573, 0.775016), (0.380055, 0.775864), (0.373463, 0.777775), (0.394778, 0.789568), (0.380509, 0.78303), (0.37641, 0.780224), (0.386709, 0.786741), (0.375757, 0.776545), (0.41286, 0.770098), (0.420359, 0.768663), (0.424118, 0.767962), (0.429147, 0.767728), (0.412568, 0.786337), (0.424034, 0.775459), (0.42679, 0.771364), (0.419395, 0.781011), (0.427213, 0.767295)]
[(0.403832, 0.774151), (0.402851, 0.789835), (0.394396, 0.773949), (0.384919, 0.775646), (0.379036, 0.776464), (0.371722, 0.778299), (0.393558, 0.789797), (0.378975, 0.783422), (0.374756, 0.780681), (0.385341, 0.787043), (0.374373, 0.777111), (0.412498, 0.771219), (0.419711, 0.769997), (0.423252, 0.769446), (0.427827, 0.769421), (0.411326, 0.786862), (0.422639, 0.776632), (0.42543, 0.772815), (0.418054, 0.781848), (0.426112, 0.768928)]
[(0.40399, 0.775597), (0.403099, 0.791213), (0.394433, 0.775458), (0.38486, 0.777138), (0.378957, 0.777905), (0.371644, 0.779643), (0.393684, 0.791212), (0.378958, 0.784779), (0.374719, 0.782034), (0.38536, 0.788434), (0.374273, 0.7785), (0.412635, 0.772587), (0.419801, 0.771246), (0.423277, 0.770627), (0.427806, 0.770545), (0.411566, 0.788146), (0.422711, 0.777758), (0.425454, 0.773945), (0.418229, 0.783035), (0.426101, 0.77007)]
[(0.404153, 0.776344), (0.403215, 0.790975), (0.394884, 0.77606), (0.385611, 0.777499), (0.379706, 0.778065), (0.372141, 0.779526), (0.394108, 0.790874), (0.379604, 0.78461), (0.375315, 0.781896), (0.385971, 0.788154), (0.374949, 0.778502), (0.412569, 0.773523), (0.419526, 0.772263), (0.422934, 0.771588), (0.427414, 0.77134), (0.411438, 0.788134), (0.422344, 0.778305), (0.425056, 0.774631), (0.417932, 0.783319), (0.425712, 0.770967)]
[(0.404326, 0.776693), (0.403243, 0.791517), (0.394961, 0.776449), (0.385599, 0.777929), (0.379694, 0.778559), (0.372207, 0.780086), (0.394049, 0.791457), (0.379536, 0.7852), (0.375314, 0.782468), (0.385876, 0.78875), (0.374979, 0.779044), (0.412761, 0.77384), (0.419707, 0.772586), (0.42315, 0.771936), (0.427636, 0.771777), (0.41153, 0.788678), (0.422551, 0.778794), (0.425289, 0.775075), (0.418101, 0.783855), (0.425941, 0.771372)]
[(0.403473, 0.77727), (0.402854, 0.791997), (0.394228, 0.777046), (0.385081, 0.778492), (0.379476, 0.779105), (0.372605, 0.78058), (0.393762, 0.791912), (0.37958, 0.785633), (0.375532, 0.782923), (0.385721, 0.789187), (0.375063, 0.77956), (0.411869, 0.774446), (0.418913, 0.773182), (0.422426, 0.772551), (0.427019, 0.772467), (0.411121, 0.789167), (0.422151, 0.779336), (0.424802, 0.775686), (0.417724, 0.784355), (0.425317, 0.772018)]
[(0.40365, 0.778709), (0.402215, 0.794551), (0.394316, 0.778205), (0.385064, 0.779556), (0.37926, 0.780065), (0.371969, 0.781437), (0.393177, 0.794237), (0.379121, 0.787065), (0.375011, 0.78404), (0.385248, 0.791073), (0.374612, 0.78045), (0.412133, 0.77574), (0.419064, 0.774499), (0.422455, 0.773918), (0.426743, 0.773941), (0.410547, 0.791646), (0.421574, 0.78126), (0.424326, 0.777383), (0.417128, 0.786553), (0.425206, 0.773428)]
[(0.404032, 0.779646), (0.402525, 0.794689), (0.395007, 0.779349), (0.38592, 0.780832), (0.380134, 0.781417), (0.372675, 0.782822), (0.393793, 0.794548), (0.379957, 0.788021), (0.375802, 0.785238), (0.386034, 0.791697), (0.375418, 0.781854), (0.412129, 0.776707), (0.418613, 0.775456), (0.421651, 0.774887), (0.425435, 0.774899), (0.410433, 0.791804), (0.420697, 0.78187), (0.423193, 0.778191), (0.416604, 0.786906), (0.424115, 0.774407)]
[(0.403594, 0.779874), (0.402443, 0.794504), (0.394548, 0.779569), (0.385513, 0.780966), (0.379812, 0.78151), (0.37261, 0.782956), (0.393702, 0.794338), (0.379886, 0.788051), (0.375735, 0.785345), (0.385977, 0.791577), (0.375218, 0.78194), (0.411832, 0.777065), (0.418582, 0.77585), (0.421749, 0.775262), (0.425805, 0.775233), (0.41049, 0.791724), (0.42099, 0.782146), (0.423512, 0.778515), (0.416784, 0.787013), (0.424376, 0.77474)]
[(0.40168, 0.781165), (0.400441, 0.796168), (0.392554, 0.780579), (0.383646, 0.781767), (0.378085, 0.782223), (0.371186, 0.783538), (0.391685, 0.795814), (0.378088, 0.789007), (0.374118, 0.786089), (0.384056, 0.792814), (0.373648, 0.782577), (0.410115, 0.778359), (0.417096, 0.777234), (0.420506, 0.776734), (0.42489, 0.776802), (0.408707, 0.793517), (0.419749, 0.783858), (0.422486, 0.780137), (0.415257, 0.788805), (0.42332, 0.77627)]
[(0.402128, 0.783671), (0.400462, 0.798594), (0.392935, 0.78311), (0.38393, 0.784259), (0.378205, 0.784638), (0.370943, 0.78579), (0.391655, 0.798301), (0.377894, 0.791371), (0.373882, 0.788383), (0.383932, 0.795278), (0.373583, 0.784915), (0.410493, 0.780717), (0.417311, 0.779395), (0.420659, 0.778734), (0.424912, 0.778577), (0.408683, 0.795798), (0.419672, 0.785758), (0.422486, 0.781951), (0.415183, 0.790896), (0.423381, 0.778158)]
[(0.402361, 0.783905), (0.401216, 0.798304), (0.393307, 0.783514), (0.384511, 0.784803), (0.378934, 0.785318), (0.371863, 0.786735), (0.392562, 0.798158), (0.378898, 0.79189), (0.374846, 0.789155), (0.384927, 0.795437), (0.374419, 0.785754), (0.410608, 0.780951), (0.417437, 0.77962), (0.420745, 0.778939), (0.424934, 0.778706), (0.409346, 0.795511), (0.420078, 0.78576), (0.422681, 0.78202), (0.41575, 0.790746), (0.42344, 0.778335)]
[(0.403071, 0.784006), (0.40153, 0.798025), (0.393973, 0.78356), (0.385043, 0.784761), (0.379251, 0.78516), (0.371738, 0.78639), (0.392824, 0.797866), (0.378961, 0.79158), (0.374829, 0.788818), (0.38511, 0.795144), (0.374521, 0.785478), (0.411399, 0.781039), (0.418131, 0.779651), (0.421419, 0.77889), (0.425636, 0.778578), (0.409671, 0.79526), (0.420521, 0.785593), (0.423256, 0.781886), (0.416083, 0.790538), (0.424107, 0.778227)]
[(0.403141, 0.785165), (0.401631, 0.800283), (0.393949, 0.784592), (0.384836, 0.785835), (0.378999, 0.78624), (0.371475, 0.787493), (0.392789, 0.799971), (0.37874, 0.793068), (0.374554, 0.790094), (0.384967, 0.796948), (0.374214, 0.786545), (0.411463, 0.7822), (0.418233, 0.780911), (0.421452, 0.780264), (0.425531, 0.780179), (0.409801, 0.797481), (0.420591, 0.787449), (0.423228, 0.783604), (0.416219, 0.792592), (0.424105, 0.779695)]
[(0.403984, 0.783946), (0.402261, 0.798426), (0.394956, 0.783496), (0.386002, 0.784791), (0.380244, 0.785261), (0.372915, 0.786585), (0.393523, 0.798235), (0.379805, 0.791803), (0.37581, 0.789014), (0.385809, 0.795439), (0.375599, 0.785626), (0.412091, 0.781067), (0.418634, 0.77978), (0.421743, 0.779107), (0.425677, 0.779), (0.410242, 0.795658), (0.42084, 0.785945), (0.423464, 0.782252), (0.41653, 0.790916), (0.424291, 0.778558)]
[(0.404761, 0.784326), (0.402596, 0.79864), (0.39568, 0.78391), (0.38659, 0.785264), (0.380636, 0.785715), (0.372877, 0.786971), (0.39388, 0.798511), (0.380004, 0.792172), (0.375885, 0.789395), (0.386132, 0.795771), (0.375739, 0.786047), (0.412808, 0.781335), (0.419202, 0.779972), (0.422204, 0.779254), (0.425988, 0.779123), (0.410514, 0.795811), (0.42105, 0.786078), (0.423717, 0.782393), (0.416741, 0.791043), (0.424664, 0.778687)]
[(0.404874, 0.786003), (0.402747, 0.801167), (0.395679, 0.785472), (0.386447, 0.786788), (0.38048, 0.787203), (0.372669, 0.788452), (0.393921, 0.800886), (0.379886, 0.793963), (0.375722, 0.791011), (0.38608, 0.797861), (0.375528, 0.787514), (0.413077, 0.78301), (0.41964, 0.781705), (0.422708, 0.781081), (0.426534, 0.781133), (0.410771, 0.798326), (0.421475, 0.788288), (0.424194, 0.784519), (0.417103, 0.793416), (0.425191, 0.780586)]
[(0.404741, 0.785494), (0.402719, 0.799525), (0.395693, 0.785063), (0.386699, 0.786348), (0.380858, 0.786785), (0.373224, 0.788053), (0.394129, 0.799352), (0.38038, 0.793114), (0.376262, 0.790423), (0.386486, 0.796637), (0.376017, 0.787129), (0.412818, 0.782596), (0.419314, 0.781276), (0.42237, 0.7806), (0.426255, 0.780472), (0.410604, 0.796792), (0.421169, 0.78732), (0.423899, 0.78372), (0.416828, 0.792152), (0.424864, 0.780035)]
[(0.404997, 0.784373), (0.40302, 0.797636), (0.396104, 0.784033), (0.387268, 0.785275), (0.381452, 0.785653), (0.37381, 0.786792), (0.394514, 0.797552), (0.380916, 0.791692), (0.376833, 0.789085), (0.386933, 0.795036), (0.376662, 0.785933), (0.413037, 0.78153), (0.419493, 0.780159), (0.422629, 0.779393), (0.426588, 0.779139), (0.410825, 0.794952), (0.421419, 0.785762), (0.424205, 0.782274), (0.417035, 0.790456), (0.425162, 0.778773)]
[(0.403985, 0.786209), (0.402334, 0.800546), (0.394999, 0.785694), (0.3861, 0.786881), (0.380375, 0.78727), (0.37297, 0.788412), (0.393723, 0.80023), (0.380048, 0.793659), (0.375984, 0.790858), (0.38609, 0.797345), (0.375697, 0.78754), (0.41203, 0.783457), (0.418574, 0.782256), (0.421739, 0.781674), (0.425759, 0.781685), (0.410145, 0.797937), (0.420691, 0.78853), (0.423425, 0.784924), (0.416356, 0.793366), (0.424302, 0.781197)]
[(0.4066, 0.785082), (0.404677, 0.798375), (0.397686, 0.784923), (0.388745, 0.786307), (0.38291, 0.786755), (0.375375, 0.787899), (0.396116, 0.798413), (0.382502, 0.792682), (0.37841, 0.790139), (0.388516, 0.795953), (0.378169, 0.787041), (0.41455, 0.782149), (0.420863, 0.780623), (0.423918, 0.779775), (0.427974, 0.779433), (0.41231, 0.795561), (0.422727, 0.786217), (0.425546, 0.782657), (0.418387, 0.790968), (0.426481, 0.779087)]
[(0.406324, 0.78342), (0.404431, 0.796461), (0.397535, 0.783191), (0.388775, 0.78449), (0.383012, 0.7849), (0.375577, 0.786002), (0.395927, 0.796494), (0.382498, 0.79084), (0.378505, 0.788268), (0.388402, 0.794097), (0.378371, 0.785165), (0.414227, 0.78053), (0.42051, 0.779066), (0.4236, 0.778241), (0.427607, 0.777942), (0.412073, 0.793736), (0.422486, 0.784586), (0.425268, 0.78109), (0.418159, 0.789255), (0.426132, 0.777599)]
[(0.406542, 0.786129), (0.404694, 0.800413), (0.397646, 0.785752), (0.388625, 0.787067), (0.382748, 0.787448), (0.375049, 0.788497), (0.395974, 0.800257), (0.382148, 0.793772), (0.378044, 0.790943), (0.388217, 0.797463), (0.377953, 0.787666), (0.414492, 0.783225), (0.420845, 0.781827), (0.42398, 0.781092), (0.42803, 0.780996), (0.41241, 0.797631), (0.422914, 0.787926), (0.425686, 0.784271), (0.418575, 0.792901), (0.426552, 0.780533)]
[(0.407437, 0.785516), (0.40532, 0.799011), (0.398498, 0.785169), (0.38937, 0.786434), (0.383412, 0.786779), (0.375679, 0.787732), (0.39658, 0.798912), (0.382784, 0.792806), (0.378668, 0.790089), (0.388862, 0.796299), (0.378578, 0.786951), (0.415435, 0.782621), (0.421737, 0.781183), (0.424831, 0.780438), (0.428826, 0.780335), (0.413001, 0.796325), (0.423579, 0.78706), (0.426415, 0.783522), (0.419164, 0.791816), (0.427398, 0.779871)]
[(0.406048, 0.78551), (0.404436, 0.799145), (0.397042, 0.785212), (0.388016, 0.78651), (0.382177, 0.786934), (0.374665, 0.787993), (0.395696, 0.799085), (0.381821, 0.793052), (0.37769, 0.790351), (0.38796, 0.796509), (0.377459, 0.787181), (0.414057, 0.78261), (0.420506, 0.781187), (0.423745, 0.780464), (0.427904, 0.780293), (0.412171, 0.796462), (0.422758, 0.787126), (0.425551, 0.783513), (0.418361, 0.791937), (0.426393, 0.779887)]
[(0.406509, 0.785381), (0.404841, 0.798974), (0.397419, 0.784958), (0.388329, 0.786154), (0.382382, 0.78648), (0.37469, 0.787468), (0.395993, 0.79884), (0.381928, 0.792623), (0.377738, 0.789856), (0.388134, 0.796182), (0.377574, 0.786664), (0.414706, 0.782486), (0.421349, 0.781064), (0.424712, 0.780294), (0.429061, 0.780092), (0.412761, 0.796312), (0.423688, 0.786914), (0.426601, 0.783307), (0.419133, 0.791755), (0.427482, 0.779689)]
[(0.406307, 0.784326), (0.404411, 0.798589), (0.39721, 0.783855), (0.388156, 0.785171), (0.382226, 0.785651), (0.374539, 0.786862), (0.395597, 0.798452), (0.381639, 0.792109), (0.377525, 0.789287), (0.387773, 0.795734), (0.377431, 0.785977), (0.414502, 0.781433), (0.421151, 0.780163), (0.424514, 0.779504), (0.428826, 0.779387), (0.412413, 0.795894), (0.423422, 0.786301), (0.426363, 0.782622), (0.418843, 0.791233), (0.427256, 0.778978)]
[(0.407121, 0.782688), (0.405705, 0.795577), (0.398201, 0.782502), (0.389422, 0.783818), (0.383673, 0.784281), (0.37624, 0.785475), (0.397117, 0.795628), (0.383424, 0.790145), (0.379309, 0.787663), (0.389461, 0.793295), (0.379056, 0.784599), (0.415298, 0.779812), (0.42198, 0.778337), (0.425399, 0.777464), (0.429974, 0.776994), (0.413512, 0.79285), (0.424417, 0.783688), (0.427416, 0.780165), (0.419828, 0.788367), (0.428253, 0.77674)]
[(0.407496, 0.783797), (0.40571, 0.797057), (0.398406, 0.783556), (0.389333, 0.784852), (0.383407, 0.785249), (0.375781, 0.786329), (0.396928, 0.797055), (0.383014, 0.791213), (0.37886, 0.788604), (0.389139, 0.794559), (0.378641, 0.78549), (0.415727, 0.780848), (0.422345, 0.779309), (0.425713, 0.778477), (0.430066, 0.778257), (0.41356, 0.794313), (0.42448, 0.784997), (0.427492, 0.781457), (0.419893, 0.789752), (0.428497, 0.777844)]
[(0.406031, 0.783367), (0.404589, 0.796976), (0.397001, 0.782994), (0.388097, 0.784251), (0.382367, 0.784703), (0.375049, 0.785843), (0.395936, 0.796839), (0.382185, 0.790811), (0.37808, 0.78816), (0.388272, 0.794224), (0.37774, 0.784995), (0.414175, 0.78057), (0.420862, 0.77927), (0.424294, 0.778609), (0.428811, 0.778492), (0.412435, 0.794364), (0.423369, 0.785207), (0.426306, 0.781677), (0.418792, 0.789893), (0.427151, 0.778072)]
[(0.405638, 0.783025), (0.404277, 0.796799), (0.396587, 0.782613), (0.387688, 0.783862), (0.381937, 0.784307), (0.374604, 0.785426), (0.395492, 0.79666), (0.381656, 0.790516), (0.377584, 0.787789), (0.387732, 0.794016), (0.377324, 0.784592), (0.41383, 0.780207), (0.420586, 0.778908), (0.424088, 0.778243), (0.428638, 0.778109), (0.41224, 0.794177), (0.423277, 0.784876), (0.4262, 0.781293), (0.418682, 0.789655), (0.426973, 0.777704)]
[(0.405686, 0.783922), (0.404183, 0.798031), (0.396711, 0.783574), (0.387848, 0.784969), (0.382085, 0.785528), (0.374713, 0.786817), (0.395477, 0.797942), (0.381749, 0.791823), (0.377685, 0.789143), (0.387788, 0.795306), (0.377447, 0.785907), (0.413793, 0.781039), (0.420383, 0.779769), (0.423705, 0.779147), (0.428045, 0.779023), (0.412096, 0.795321), (0.422877, 0.785869), (0.425669, 0.782256), (0.418432, 0.790687), (0.42645, 0.778614)]
[(0.405715, 0.784934), (0.404164, 0.79865), (0.39679, 0.784608), (0.388026, 0.785854), (0.382358, 0.786256), (0.375073, 0.787317), (0.395551, 0.798551), (0.382022, 0.792386), (0.378028, 0.789673), (0.387977, 0.795895), (0.377784, 0.786506), (0.413841, 0.782009), (0.420432, 0.780566), (0.423797, 0.779813), (0.428212, 0.779509), (0.411991, 0.79593), (0.422807, 0.786424), (0.42571, 0.782779), (0.418288, 0.791291), (0.426572, 0.779166)]
[(0.404353, 0.785377), (0.402921, 0.800257), (0.395285, 0.784866), (0.386469, 0.786091), (0.380859, 0.786539), (0.373736, 0.787677), (0.394097, 0.799958), (0.38047, 0.793121), (0.376565, 0.790183), (0.386411, 0.796983), (0.376369, 0.786833), (0.4127, 0.782544), (0.419609, 0.781338), (0.423203, 0.780791), (0.427824, 0.780736), (0.411041, 0.797611), (0.422303, 0.787824), (0.425299, 0.784065), (0.417609, 0.792868), (0.426096, 0.780301)]
[(0.405864, 0.785966), (0.404271, 0.800298), (0.396989, 0.785633), (0.388214, 0.7869), (0.382544, 0.787308), (0.375365, 0.788407), (0.395643, 0.800214), (0.382135, 0.793739), (0.378204, 0.790884), (0.38804, 0.797438), (0.377994, 0.787564), (0.413863, 0.782941), (0.420296, 0.781433), (0.423472, 0.780632), (0.427527, 0.780306), (0.412082, 0.797405), (0.422555, 0.787402), (0.425248, 0.783644), (0.418261, 0.792504), (0.426066, 0.779957)]
[(0.407251, 0.781918), (0.405688, 0.79544), (0.398583, 0.78186), (0.389927, 0.783328), (0.384181, 0.783893), (0.376856, 0.78527), (0.397253, 0.795566), (0.383833, 0.790041), (0.379812, 0.787515), (0.389745, 0.793229), (0.379575, 0.784318), (0.415137, 0.778966), (0.421493, 0.777469), (0.424637, 0.776617), (0.428706, 0.776195), (0.413317, 0.792546), (0.423623, 0.783048), (0.426329, 0.77945), (0.419346, 0.787871), (0.427224, 0.775902)]
[(0.40609, 0.780573), (0.406053, 0.79473), (0.397359, 0.780634), (0.388827, 0.782213), (0.383496, 0.782901), (0.377037, 0.784486), (0.397304, 0.794908), (0.383693, 0.789332), (0.379823, 0.786746), (0.389587, 0.792569), (0.379396, 0.783434), (0.414261, 0.777636), (0.421192, 0.776156), (0.424777, 0.775345), (0.429473, 0.775042), (0.41397, 0.791794), (0.424704, 0.781992), (0.427292, 0.778291), (0.42033, 0.787012), (0.427713, 0.774688)]
[(0.405889, 0.78231), (0.405682, 0.797416), (0.396966, 0.782211), (0.388104, 0.783795), (0.382616, 0.784489), (0.375814, 0.786129), (0.396774, 0.79742), (0.382802, 0.791236), (0.378776, 0.788508), (0.388883, 0.794761), (0.378319, 0.785026), (0.414124, 0.779354), (0.420978, 0.777965), (0.424437, 0.777271), (0.429001, 0.777119), (0.413673, 0.794467), (0.424306, 0.784329), (0.426802, 0.780501), (0.420038, 0.789528), (0.427285, 0.776679)]
[(0.405241, 0.783393), (0.404542, 0.799121), (0.396238, 0.782998), (0.387196, 0.784463), (0.381556, 0.785058), (0.374442, 0.786446), (0.395607, 0.798852), (0.381561, 0.791944), (0.377468, 0.788991), (0.387699, 0.795829), (0.377066, 0.785461), (0.413514, 0.780538), (0.420358, 0.779366), (0.423813, 0.778845), (0.428388, 0.778908), (0.412567, 0.796313), (0.423409, 0.786164), (0.426053, 0.782323), (0.419016, 0.791381), (0.426686, 0.778379)]
[(0.405681, 0.782137), (0.404967, 0.796645), (0.396765, 0.782001), (0.38783, 0.7835), (0.382241, 0.784079), (0.375212, 0.785472), (0.396083, 0.796618), (0.382179, 0.790499), (0.378167, 0.787804), (0.388223, 0.793988), (0.377797, 0.784488), (0.413955, 0.779282), (0.420804, 0.777922), (0.424207, 0.777215), (0.428747, 0.776989), (0.413001, 0.793774), (0.423803, 0.783955), (0.42643, 0.780276), (0.41943, 0.788961), (0.427047, 0.776586)]
[(0.405405, 0.783609), (0.404964, 0.798474), (0.396523, 0.783431), (0.387624, 0.784996), (0.382068, 0.785644), (0.374976, 0.787152), (0.396202, 0.798367), (0.382255, 0.792151), (0.378104, 0.789487), (0.388379, 0.795655), (0.377607, 0.78612), (0.41363, 0.780772), (0.420523, 0.779515), (0.424007, 0.778871), (0.428753, 0.77869), (0.412893, 0.79563), (0.423671, 0.785772), (0.426339, 0.78205), (0.41929, 0.790811), (0.426926, 0.778283)]
[(0.40619, 0.782199), (0.405659, 0.796862), (0.397423, 0.782261), (0.388536, 0.784035), (0.383076, 0.784836), (0.37627, 0.786522), (0.396964, 0.796961), (0.383215, 0.791294), (0.379204, 0.788762), (0.389255, 0.794536), (0.378723, 0.785426), (0.414222, 0.779353), (0.420948, 0.778046), (0.424244, 0.777469), (0.428603, 0.777536), (0.413388, 0.793986), (0.423842, 0.784423), (0.426357, 0.780804), (0.419595, 0.789302), (0.427008, 0.776984)]
[(0.405679, 0.780749), (0.405735, 0.79536), (0.396707, 0.780768), (0.387785, 0.782412), (0.382276, 0.783128), (0.37539, 0.784797), (0.396813, 0.795444), (0.382654, 0.789632), (0.378513, 0.787062), (0.388847, 0.792946), (0.377915, 0.783694), (0.413916, 0.777794), (0.420865, 0.776353), (0.424397, 0.775599), (0.429169, 0.775366), (0.41369, 0.792421), (0.424372, 0.782491), (0.426894, 0.778725), (0.420078, 0.78758), (0.427345, 0.774969)]
[(0.405987, 0.779616), (0.405744, 0.794445), (0.396833, 0.779602), (0.387747, 0.781263), (0.382139, 0.782009), (0.375179, 0.783727), (0.396654, 0.794544), (0.382398, 0.788642), (0.378272, 0.786024), (0.388596, 0.792023), (0.377739, 0.782602), (0.414402, 0.776622), (0.421454, 0.775203), (0.424996, 0.774513), (0.429711, 0.774365), (0.413903, 0.791498), (0.424809, 0.781504), (0.427401, 0.77773), (0.420433, 0.78662), (0.427923, 0.773935)]
[(0.405482, 0.779968), (0.405286, 0.795097), (0.396374, 0.77994), (0.387324, 0.781619), (0.381851, 0.782389), (0.375207, 0.784142), (0.39625, 0.795128), (0.382168, 0.789101), (0.37814, 0.786456), (0.38829, 0.792535), (0.377562, 0.782993), (0.413855, 0.777034), (0.420947, 0.775689), (0.424432, 0.775115), (0.428972, 0.775209), (0.413403, 0.792193), (0.42424, 0.782288), (0.426747, 0.77855), (0.419904, 0.787354), (0.42731, 0.774643)]
[(0.405639, 0.780723), (0.405034, 0.796714), (0.396533, 0.780595), (0.387341, 0.782331), (0.381734, 0.783122), (0.374793, 0.784855), (0.396003, 0.796652), (0.381868, 0.790125), (0.377791, 0.78731), (0.38803, 0.793817), (0.377305, 0.7837), (0.414003, 0.777739), (0.420968, 0.776442), (0.424381, 0.77589), (0.428865, 0.775991), (0.413153, 0.793716), (0.423982, 0.783358), (0.426556, 0.77947), (0.419639, 0.788648), (0.427204, 0.775406)]
[(0.405559, 0.780633), (0.405052, 0.795543), (0.396532, 0.780633), (0.387428, 0.782318), (0.381831, 0.783055), (0.374839, 0.784713), (0.396173, 0.795554), (0.382075, 0.789576), (0.377925, 0.786988), (0.388283, 0.792956), (0.377353, 0.783604), (0.41384, 0.777743), (0.420755, 0.776372), (0.424138, 0.775725), (0.428662, 0.775672), (0.413011, 0.792616), (0.423689, 0.782759), (0.426281, 0.779038), (0.419366, 0.787781), (0.426977, 0.775159)]
[(0.405605, 0.779638), (0.404709, 0.79433), (0.396676, 0.779622), (0.387669, 0.781281), (0.38206, 0.782022), (0.374959, 0.783735), (0.39599, 0.794359), (0.382095, 0.788506), (0.378001, 0.785968), (0.388219, 0.791824), (0.377532, 0.782607), (0.413812, 0.776781), (0.420581, 0.775415), (0.423855, 0.77476), (0.428186, 0.774653), (0.412606, 0.791424), (0.423192, 0.781677), (0.425795, 0.77799), (0.418898, 0.786637), (0.426586, 0.774178)]
[(0.4056, 0.776311), (0.404853, 0.789876), (0.39682, 0.776547), (0.38804, 0.778362), (0.382594, 0.77928), (0.375811, 0.781243), (0.396336, 0.790156), (0.382721, 0.785411), (0.378735, 0.783222), (0.38872, 0.788167), (0.378273, 0.780028), (0.413806, 0.773532), (0.420722, 0.772174), (0.424069, 0.771556), (0.428575, 0.771457), (0.412708, 0.787048), (0.423446, 0.778025), (0.426147, 0.774581), (0.419041, 0.782601), (0.426876, 0.771005)]
[(0.405134, 0.777373), (0.404068, 0.791556), (0.396424, 0.777477), (0.387637, 0.779258), (0.382187, 0.780121), (0.375274, 0.781951), (0.395671, 0.791674), (0.382227, 0.786411), (0.378241, 0.784065), (0.388191, 0.789414), (0.377763, 0.78079), (0.413153, 0.774617), (0.419867, 0.773362), (0.423102, 0.772835), (0.427455, 0.772915), (0.411764, 0.788763), (0.42229, 0.77963), (0.425001, 0.776127), (0.417951, 0.784266), (0.425844, 0.772357)]
[(0.406658, 0.773214), (0.405742, 0.786636), (0.397891, 0.773402), (0.389139, 0.77523), (0.383627, 0.776163), (0.376809, 0.778224), (0.397267, 0.786858), (0.383743, 0.782216), (0.379737, 0.780116), (0.38969, 0.784883), (0.379264, 0.776963), (0.414826, 0.77054), (0.421798, 0.769285), (0.425199, 0.768681), (0.429718, 0.768633), (0.413605, 0.783873), (0.424455, 0.775075), (0.427248, 0.771692), (0.419971, 0.779532), (0.428033, 0.768171)]
[(0.406223, 0.773617), (0.405324, 0.78746), (0.397442, 0.773803), (0.38863, 0.775667), (0.383182, 0.776607), (0.376469, 0.778687), (0.396824, 0.787635), (0.383345, 0.782804), (0.379355, 0.780644), (0.389278, 0.785568), (0.378832, 0.777407), (0.414436, 0.770904), (0.421483, 0.769629), (0.424897, 0.769085), (0.429386, 0.769172), (0.413225, 0.78467), (0.424144, 0.775751), (0.426929, 0.772312), (0.419626, 0.780272), (0.427738, 0.768614)]
[(0.405991, 0.775819), (0.405123, 0.791853), (0.396837, 0.775727), (0.387589, 0.777502), (0.381879, 0.778309), (0.374652, 0.780296), (0.396272, 0.791716), (0.382131, 0.785413), (0.377836, 0.782728), (0.388415, 0.788936), (0.377202, 0.778996), (0.414474, 0.772928), (0.421699, 0.771607), (0.425095, 0.771038), (0.429657, 0.771053), (0.413366, 0.788812), (0.424398, 0.778654), (0.427146, 0.774707), (0.419892, 0.783814), (0.427974, 0.770453)]
[(0.404132, 0.777259), (0.403055, 0.794213), (0.394918, 0.776875), (0.385618, 0.778453), (0.379742, 0.779109), (0.371931, 0.780819), (0.394306, 0.793757), (0.379959, 0.78664), (0.375425, 0.783616), (0.386473, 0.790543), (0.374789, 0.779619), (0.412847, 0.774411), (0.420319, 0.773214), (0.423922, 0.772663), (0.42909, 0.772547), (0.411429, 0.791216), (0.423061, 0.780742), (0.426183, 0.776526), (0.418171, 0.786094), (0.42707, 0.771984)]
[(0.404307, 0.775187), (0.403397, 0.792848), (0.395052, 0.774787), (0.385666, 0.776364), (0.379832, 0.777007), (0.372236, 0.778813), (0.394537, 0.792368), (0.380131, 0.784839), (0.375658, 0.781688), (0.386618, 0.788965), (0.374964, 0.777533), (0.412944, 0.772215), (0.420309, 0.770888), (0.423806, 0.770256), (0.428695, 0.770199), (0.411773, 0.789705), (0.423099, 0.778656), (0.425988, 0.77427), (0.418434, 0.784316), (0.426838, 0.769565)]
[(0.404215, 0.772119), (0.403532, 0.790168), (0.394981, 0.771627), (0.385692, 0.773187), (0.379986, 0.773805), (0.372744, 0.775653), (0.394629, 0.789642), (0.380341, 0.781813), (0.376003, 0.77857), (0.386707, 0.786107), (0.375304, 0.774325), (0.412838, 0.769089), (0.420226, 0.767742), (0.423798, 0.767077), (0.428748, 0.767111), (0.41191, 0.786989), (0.42325, 0.775661), (0.426122, 0.771202), (0.418587, 0.781475), (0.426883, 0.766411)]
[(0.405298, 0.767561), (0.40441, 0.786096), (0.395983, 0.767253), (0.38672, 0.769193), (0.381081, 0.770089), (0.37436, 0.772222), (0.395353, 0.785814), (0.381381, 0.778216), (0.377307, 0.775017), (0.387463, 0.782445), (0.376659, 0.770802), (0.413999, 0.764374), (0.421558, 0.763046), (0.425344, 0.762493), (0.430326, 0.76271), (0.412887, 0.782808), (0.424586, 0.771258), (0.427672, 0.766762), (0.419722, 0.777162), (0.428518, 0.761958)]
[(0.404101, 0.769013), (0.403294, 0.788155), (0.394642, 0.768701), (0.385314, 0.770524), (0.379673, 0.771353), (0.372866, 0.773443), (0.394142, 0.787842), (0.379911, 0.779831), (0.375833, 0.776422), (0.386109, 0.784292), (0.375185, 0.772026), (0.413024, 0.765672), (0.420715, 0.764194), (0.424513, 0.763514), (0.429529, 0.763522), (0.411971, 0.784675), (0.423843, 0.772477), (0.426893, 0.76775), (0.418944, 0.778724), (0.427666, 0.762841)]
[(0.404188, 0.767819), (0.403637, 0.788916), (0.394735, 0.767389), (0.385277, 0.769403), (0.379599, 0.770356), (0.372738, 0.772612), (0.394434, 0.788488), (0.379963, 0.779654), (0.375789, 0.7759), (0.386283, 0.784575), (0.375098, 0.771093), (0.413121, 0.764343), (0.420897, 0.762962), (0.424818, 0.762378), (0.430022, 0.762561), (0.412274, 0.785289), (0.424254, 0.772197), (0.427338, 0.767105), (0.419295, 0.778959), (0.428091, 0.761766)]
[(0.403908, 0.767324), (0.403341, 0.788325), (0.394458, 0.766781), (0.385021, 0.768791), (0.379263, 0.769798), (0.372254, 0.77222), (0.394225, 0.787875), (0.37967, 0.779165), (0.375397, 0.775469), (0.386063, 0.784024), (0.374673, 0.770625), (0.412815, 0.763874), (0.420563, 0.762601), (0.424472, 0.762083), (0.429631, 0.762236), (0.411932, 0.78478), (0.423828, 0.771834), (0.426926, 0.766772), (0.418904, 0.778526), (0.427699, 0.761487)]
[(0.403496, 0.768091), (0.402877, 0.788388), (0.394066, 0.76741), (0.384754, 0.769156), (0.379041, 0.769992), (0.371978, 0.772225), (0.393892, 0.787901), (0.379411, 0.779221), (0.375131, 0.775505), (0.385808, 0.784077), (0.374452, 0.770704), (0.412422, 0.764585), (0.420143, 0.763167), (0.42409, 0.762449), (0.429407, 0.762172), (0.411457, 0.784891), (0.423469, 0.771943), (0.426616, 0.766795), (0.418476, 0.778663), (0.427354, 0.761648)]
[(0.405765, 0.765511), (0.405119, 0.784858), (0.396313, 0.765046), (0.386891, 0.766918), (0.381047, 0.767799), (0.373818, 0.769996), (0.396074, 0.784547), (0.381449, 0.776591), (0.377068, 0.773106), (0.38792, 0.781066), (0.376386, 0.768536), (0.414519, 0.762092), (0.422085, 0.760671), (0.426032, 0.759936), (0.431402, 0.759821), (0.413542, 0.781446), (0.425441, 0.769156), (0.428616, 0.76424), (0.420454, 0.775549), (0.429339, 0.759249)]
[(0.403641, 0.766765), (0.403085, 0.7859), (0.39411, 0.76629), (0.384741, 0.768052), (0.37902, 0.768817), (0.372033, 0.770674), (0.39392, 0.785517), (0.379411, 0.777288), (0.375169, 0.773766), (0.385772, 0.781885), (0.374505, 0.769381), (0.412605, 0.76336), (0.420381, 0.761918), (0.424451, 0.761158), (0.430075, 0.76088), (0.411694, 0.782481), (0.423919, 0.770084), (0.427203, 0.765229), (0.41879, 0.776499), (0.427871, 0.760389)]
[(0.404026, 0.769097), (0.403661, 0.788387), (0.394721, 0.768691), (0.385491, 0.770356), (0.379981, 0.771023), (0.37347, 0.772762), (0.394532, 0.787964), (0.38038, 0.779502), (0.376333, 0.775891), (0.386533, 0.784223), (0.375665, 0.771511), (0.412805, 0.765769), (0.420469, 0.764234), (0.424386, 0.763433), (0.429547, 0.763228), (0.412218, 0.784918), (0.424059, 0.772397), (0.427025, 0.767537), (0.419179, 0.778856), (0.427644, 0.76267)]
[(0.406024, 0.76532), (0.405599, 0.784531), (0.396724, 0.7651), (0.387415, 0.767116), (0.381753, 0.767997), (0.375082, 0.770034), (0.396406, 0.784376), (0.382155, 0.776496), (0.378011, 0.773045), (0.388334, 0.780954), (0.377408, 0.768657), (0.414659, 0.761882), (0.422137, 0.760318), (0.425998, 0.759488), (0.431014, 0.759388), (0.414012, 0.780956), (0.425639, 0.768487), (0.428589, 0.763653), (0.420842, 0.774909), (0.42918, 0.75879)]
[(0.407503, 0.761965), (0.406717, 0.780989), (0.397892, 0.761678), (0.388288, 0.763735), (0.382224, 0.764656), (0.374913, 0.766697), (0.397267, 0.780905), (0.382501, 0.773151), (0.378128, 0.769714), (0.388921, 0.777549), (0.37757, 0.76534), (0.416333, 0.758416), (0.423859, 0.756834), (0.427822, 0.756009), (0.432895, 0.755897), (0.415313, 0.777402), (0.427142, 0.764957), (0.430294, 0.760164), (0.422234, 0.771331), (0.431051, 0.755332)]
[(0.407483, 0.761808), (0.407722, 0.781874), (0.397647, 0.761709), (0.388082, 0.763943), (0.382201, 0.76503), (0.375073, 0.767406), (0.398227, 0.781845), (0.383134, 0.773929), (0.378568, 0.770483), (0.389808, 0.778378), (0.377611, 0.765895), (0.416428, 0.757968), (0.424332, 0.75622), (0.428576, 0.755321), (0.434301, 0.755095), (0.4164, 0.778086), (0.428339, 0.764936), (0.431531, 0.759743), (0.423383, 0.771704), (0.432119, 0.754544)]
[(0.409033, 0.762305), (0.408455, 0.781851), (0.39923, 0.76217), (0.38934, 0.764457), (0.383, 0.765496), (0.375068, 0.767735), (0.39898, 0.781854), (0.38354, 0.774126), (0.378758, 0.770753), (0.390409, 0.77847), (0.378017, 0.766263), (0.417772, 0.758486), (0.425141, 0.756719), (0.429009, 0.755733), (0.434315, 0.755516), (0.416776, 0.778039), (0.428272, 0.765108), (0.431491, 0.760063), (0.423446, 0.771738), (0.432306, 0.754942)]
[(0.407883, 0.763932), (0.408105, 0.78259), (0.398076, 0.763914), (0.388375, 0.766114), (0.38243, 0.767182), (0.375294, 0.769404), (0.398604, 0.7826), (0.383402, 0.775371), (0.378816, 0.772221), (0.390101, 0.779423), (0.377862, 0.76797), (0.416722, 0.760353), (0.424469, 0.758741), (0.428601, 0.757902), (0.434268, 0.75784), (0.416534, 0.779023), (0.428328, 0.766852), (0.431513, 0.762096), (0.423404, 0.773107), (0.432115, 0.757246)]
[(0.407694, 0.763663), (0.408275, 0.783739), (0.397693, 0.76361), (0.387817, 0.765887), (0.381787, 0.76703), (0.374685, 0.769426), (0.398262, 0.783685), (0.382693, 0.77578), (0.37813, 0.77238), (0.389459, 0.780208), (0.377206, 0.767908), (0.416577, 0.760109), (0.424236, 0.758698), (0.428163, 0.758187), (0.433229, 0.758802), (0.416885, 0.780138), (0.428155, 0.767691), (0.430901, 0.762972), (0.423624, 0.774075), (0.431369, 0.757886)]
[(0.406108, 0.762292), (0.407321, 0.782219), (0.396208, 0.762173), (0.386771, 0.764225), (0.380966, 0.765253), (0.374227, 0.767462), (0.397165, 0.78213), (0.381789, 0.774018), (0.377444, 0.770466), (0.388384, 0.778592), (0.37661, 0.76609), (0.415073, 0.758815), (0.423029, 0.757501), (0.427281, 0.756966), (0.432478, 0.757435), (0.416364, 0.778632), (0.427846, 0.766057), (0.43043, 0.76141), (0.423329, 0.772484), (0.430575, 0.756665)]
[(0.406716, 0.763248), (0.408279, 0.783395), (0.396709, 0.763196), (0.387264, 0.765201), (0.381467, 0.766188), (0.374899, 0.768334), (0.397764, 0.783383), (0.382197, 0.775073), (0.377944, 0.771375), (0.388797, 0.779801), (0.377193, 0.767), (0.415745, 0.759699), (0.423825, 0.758245), (0.428208, 0.757591), (0.433499, 0.757928), (0.417619, 0.779695), (0.429244, 0.766667), (0.43168, 0.761883), (0.424736, 0.773337), (0.431566, 0.757225)]
[(0.407218, 0.764714), (0.40861, 0.786718), (0.397147, 0.764649), (0.387578, 0.766967), (0.381643, 0.768232), (0.374881, 0.770835), (0.397867, 0.786763), (0.382058, 0.777989), (0.377822, 0.774065), (0.388735, 0.783013), (0.377275, 0.769309), (0.416277, 0.760985), (0.424176, 0.759684), (0.428422, 0.759229), (0.433418, 0.759934), (0.418115, 0.782843), (0.429575, 0.769112), (0.43181, 0.764079), (0.425234, 0.776144), (0.431611, 0.759062)]
[(0.407233, 0.767689), (0.408671, 0.790449), (0.396971, 0.767671), (0.387328, 0.770169), (0.381443, 0.771588), (0.374883, 0.774439), (0.397807, 0.790518), (0.381908, 0.781531), (0.377745, 0.777621), (0.388568, 0.786668), (0.377134, 0.772807), (0.416529, 0.763773), (0.424718, 0.762464), (0.429061, 0.762057), (0.434159, 0.762716), (0.418411, 0.786427), (0.430212, 0.772188), (0.432492, 0.766986), (0.425762, 0.779476), (0.432294, 0.761871)]
[(0.408828, 0.769751), (0.40959, 0.790985), (0.398805, 0.769832), (0.38918, 0.772335), (0.38319, 0.77377), (0.376344, 0.776582), (0.399104, 0.791164), (0.383482, 0.783035), (0.379291, 0.779497), (0.390071, 0.787687), (0.37875, 0.774968), (0.417894, 0.765962), (0.425675, 0.764664), (0.429682, 0.764267), (0.434362, 0.764885), (0.418949, 0.787089), (0.430345, 0.77372), (0.432621, 0.768896), (0.426028, 0.780517), (0.432664, 0.764066)]
[(0.40745, 0.769078), (0.408706, 0.78822), (0.39771, 0.769129), (0.388593, 0.771365), (0.382904, 0.772647), (0.376276, 0.775216), (0.39871, 0.788399), (0.383548, 0.781109), (0.379324, 0.777886), (0.390043, 0.785284), (0.378635, 0.773747), (0.416323, 0.765504), (0.424151, 0.76426), (0.428346, 0.763803), (0.433514, 0.764188), (0.417759, 0.784659), (0.429194, 0.77242), (0.431627, 0.767933), (0.424743, 0.778662), (0.431559, 0.763536)]
[(0.40598, 0.76584), (0.406986, 0.784473), (0.396404, 0.765667), (0.387546, 0.767641), (0.381979, 0.768797), (0.37539, 0.771064), (0.39706, 0.784544), (0.382283, 0.777143), (0.37825, 0.773799), (0.388583, 0.781402), (0.377811, 0.769768), (0.414835, 0.762413), (0.422658, 0.76132), (0.427001, 0.760946), (0.43232, 0.76135), (0.416099, 0.781133), (0.42783, 0.769302), (0.430403, 0.764932), (0.42318, 0.775362), (0.430297, 0.760747)]
[(0.4057, 0.765834), (0.407446, 0.786392), (0.395948, 0.765742), (0.38691, 0.767907), (0.381322, 0.769196), (0.374951, 0.771792), (0.397168, 0.786416), (0.381959, 0.778344), (0.377842, 0.774749), (0.388397, 0.782965), (0.377207, 0.770319), (0.414731, 0.76228), (0.422768, 0.76117), (0.427164, 0.760869), (0.432451, 0.761534), (0.41681, 0.782808), (0.42843, 0.770073), (0.430749, 0.765395), (0.423965, 0.776591), (0.430461, 0.760761)]
[(0.404676, 0.765147), (0.406161, 0.785608), (0.394698, 0.764951), (0.385406, 0.767048), (0.379666, 0.768308), (0.37315, 0.770983), (0.395669, 0.78555), (0.380184, 0.777495), (0.37602, 0.773924), (0.386737, 0.782084), (0.375411, 0.769454), (0.41399, 0.761706), (0.422245, 0.760697), (0.426664, 0.760435), (0.431982, 0.761114), (0.415853, 0.782133), (0.427874, 0.769614), (0.430232, 0.764959), (0.423268, 0.776036), (0.430002, 0.760332)]
[(0.405468, 0.768128), (0.406848, 0.789181), (0.395588, 0.768013), (0.38631, 0.770196), (0.380692, 0.77148), (0.374572, 0.774177), (0.396376, 0.789086), (0.381153, 0.780777), (0.377223, 0.777152), (0.3875, 0.785489), (0.376595, 0.772622), (0.414621, 0.764741), (0.422728, 0.763773), (0.426988, 0.76358), (0.431898, 0.764571), (0.416458, 0.785657), (0.428177, 0.773007), (0.430332, 0.76839), (0.42376, 0.779475), (0.430153, 0.76361)]
[(0.404226, 0.769034), (0.405583, 0.788193), (0.3945, 0.7689), (0.385569, 0.77081), (0.380185, 0.771891), (0.374301, 0.774137), (0.395397, 0.788089), (0.380712, 0.780274), (0.376912, 0.776903), (0.386814, 0.784689), (0.376286, 0.772844), (0.413287, 0.7658), (0.421433, 0.764801), (0.42586, 0.764441), (0.431174, 0.764941), (0.41511, 0.78489), (0.427059, 0.772908), (0.429423, 0.768535), (0.422473, 0.779036), (0.429195, 0.764289)]
[(0.403389, 0.771828), (0.404181, 0.790325), (0.393912, 0.771495), (0.385352, 0.77317), (0.380145, 0.774091), (0.374324, 0.776017), (0.394445, 0.790117), (0.380445, 0.78226), (0.37683, 0.778837), (0.386277, 0.786713), (0.376387, 0.774859), (0.412322, 0.768553), (0.420296, 0.767429), (0.4248, 0.766936), (0.430351, 0.767095), (0.41333, 0.787158), (0.425507, 0.775267), (0.428297, 0.770778), (0.420602, 0.781425), (0.428228, 0.766611)]
[(0.404021, 0.772346), (0.404715, 0.790979), (0.39438, 0.772098), (0.3855, 0.773945), (0.380079, 0.774932), (0.374002, 0.777037), (0.394845, 0.790833), (0.380413, 0.783135), (0.376643, 0.779789), (0.386463, 0.787494), (0.376101, 0.775758), (0.41305, 0.769083), (0.421108, 0.767957), (0.425546, 0.767492), (0.431, 0.767864), (0.413889, 0.787746), (0.426059, 0.775936), (0.428875, 0.77153), (0.421153, 0.782019), (0.42897, 0.767217)]
[(0.404788, 0.774545), (0.405149, 0.791641), (0.395208, 0.774375), (0.386246, 0.776077), (0.38077, 0.776897), (0.374503, 0.778669), (0.395375, 0.791587), (0.380954, 0.784461), (0.377175, 0.781309), (0.387001, 0.788521), (0.376721, 0.777548), (0.413737, 0.771399), (0.421614, 0.770128), (0.425945, 0.769496), (0.431377, 0.769574), (0.414129, 0.788498), (0.426232, 0.777277), (0.42914, 0.7731), (0.421309, 0.783046), (0.429343, 0.769066)]
[(0.403867, 0.776552), (0.403767, 0.79315), (0.394458, 0.776252), (0.385593, 0.777885), (0.380053, 0.778687), (0.373547, 0.780435), (0.394311, 0.792982), (0.380137, 0.786023), (0.37629, 0.782988), (0.386157, 0.789956), (0.37587, 0.779325), (0.412634, 0.773599), (0.420313, 0.772528), (0.424496, 0.772023), (0.429923, 0.772129), (0.412524, 0.790227), (0.42453, 0.779599), (0.427533, 0.775577), (0.419588, 0.785061), (0.427857, 0.77164)]
[(0.402937, 0.777248), (0.403285, 0.793127), (0.393589, 0.777153), (0.384937, 0.778821), (0.37963, 0.779721), (0.373531, 0.781703), (0.394024, 0.793057), (0.380073, 0.786742), (0.376271, 0.784024), (0.386009, 0.7903), (0.375606, 0.780508), (0.411662, 0.77438), (0.4195, 0.773312), (0.423695, 0.772835), (0.429196, 0.772891), (0.412057, 0.790244), (0.423939, 0.780065), (0.426829, 0.77622), (0.419104, 0.78527), (0.427088, 0.772449)]
[(0.403007, 0.775151), (0.403733, 0.791008), (0.393616, 0.77506), (0.38492, 0.776758), (0.379624, 0.777692), (0.37374, 0.779705), (0.394264, 0.79097), (0.380173, 0.784742), (0.37641, 0.782011), (0.386124, 0.788275), (0.375723, 0.778496), (0.411813, 0.772322), (0.41972, 0.771304), (0.424001, 0.770877), (0.429486, 0.77111), (0.412572, 0.788168), (0.424475, 0.778109), (0.427281, 0.774335), (0.419659, 0.783269), (0.427427, 0.770575)]
[(0.402752, 0.776983), (0.403166, 0.79299), (0.393539, 0.776808), (0.384914, 0.778552), (0.379597, 0.779477), (0.373424, 0.781387), (0.393979, 0.792929), (0.380082, 0.786577), (0.376217, 0.783788), (0.386039, 0.790176), (0.375582, 0.78023), (0.41129, 0.774071), (0.418894, 0.773054), (0.423014, 0.772619), (0.42842, 0.772732), (0.41171, 0.79014), (0.423336, 0.779972), (0.426168, 0.776092), (0.418589, 0.785199), (0.426347, 0.772255)]
[(0.402752, 0.777169), (0.403042, 0.792882), (0.393543, 0.776957), (0.384957, 0.778604), (0.379685, 0.779418), (0.373603, 0.781082), (0.393746, 0.792823), (0.379953, 0.786404), (0.37623, 0.783521), (0.385795, 0.79007), (0.375758, 0.780035), (0.411397, 0.774257), (0.41907, 0.773191), (0.423324, 0.77271), (0.428966, 0.772815), (0.411655, 0.790078), (0.423648, 0.779994), (0.426644, 0.776134), (0.41869, 0.785191), (0.426792, 0.772339)]
[(0.402548, 0.776285), (0.402712, 0.792347), (0.393313, 0.776109), (0.384714, 0.777879), (0.379418, 0.778867), (0.373398, 0.780948), (0.393513, 0.792282), (0.379743, 0.786038), (0.376008, 0.783286), (0.385594, 0.789578), (0.375437, 0.779718), (0.411083, 0.77339), (0.4187, 0.772451), (0.422734, 0.772125), (0.427764, 0.772529), (0.411325, 0.789526), (0.422955, 0.779544), (0.425674, 0.77576), (0.418247, 0.784664), (0.425929, 0.771929)]
[(0.402414, 0.777277), (0.402897, 0.794558), (0.39316, 0.777065), (0.384494, 0.778943), (0.379262, 0.780035), (0.37342, 0.782369), (0.393641, 0.79438), (0.379785, 0.787742), (0.376042, 0.784848), (0.385675, 0.791481), (0.375364, 0.780989), (0.411048, 0.774443), (0.418805, 0.773666), (0.422873, 0.773525), (0.427892, 0.77428), (0.411546, 0.79177), (0.423146, 0.781575), (0.425793, 0.777659), (0.418484, 0.786844), (0.42607, 0.773481)]
[(0.402803, 0.780198), (0.403046, 0.796549), (0.393609, 0.779956), (0.384957, 0.781663), (0.379666, 0.782529), (0.373623, 0.784427), (0.393865, 0.796399), (0.380048, 0.789769), (0.376273, 0.786885), (0.385953, 0.793511), (0.375679, 0.78324), (0.411344, 0.777279), (0.418905, 0.776227), (0.422829, 0.775809), (0.427841, 0.776043), (0.411574, 0.793674), (0.423024, 0.783369), (0.425693, 0.779441), (0.418392, 0.788661), (0.425995, 0.775473)]
[(0.403168, 0.781632), (0.403221, 0.797883), (0.39393, 0.781298), (0.385186, 0.782903), (0.379847, 0.78367), (0.373698, 0.785383), (0.393981, 0.797704), (0.38008, 0.790888), (0.376317, 0.787913), (0.386018, 0.794753), (0.375818, 0.784269), (0.411753, 0.77867), (0.41929, 0.777567), (0.423257, 0.777101), (0.428434, 0.777274), (0.411769, 0.79503), (0.423431, 0.784659), (0.426198, 0.780708), (0.418673, 0.790002), (0.426501, 0.776724)]
[(0.402577, 0.778001), (0.402776, 0.79446), (0.393372, 0.777721), (0.38481, 0.77941), (0.379628, 0.780308), (0.373808, 0.782203), (0.39348, 0.794316), (0.379826, 0.787594), (0.376242, 0.784651), (0.385566, 0.791414), (0.375778, 0.781053), (0.411118, 0.775053), (0.418754, 0.77408), (0.422817, 0.773726), (0.427963, 0.774078), (0.41145, 0.791605), (0.423181, 0.781287), (0.425888, 0.777378), (0.418432, 0.786603), (0.426056, 0.773503)]
[(0.403969, 0.777893), (0.404155, 0.792711), (0.394843, 0.777843), (0.386268, 0.779413), (0.380925, 0.780189), (0.374819, 0.78197), (0.394966, 0.792801), (0.38119, 0.786926), (0.377448, 0.784253), (0.387065, 0.790305), (0.376936, 0.780852), (0.41234, 0.77495), (0.419636, 0.77363), (0.423521, 0.772968), (0.428439, 0.772952), (0.412537, 0.789826), (0.423775, 0.779917), (0.426403, 0.776156), (0.419208, 0.785009), (0.426623, 0.772504)]
[(0.404699, 0.778558), (0.404521, 0.793209), (0.395735, 0.778601), (0.387088, 0.780168), (0.381704, 0.780884), (0.37551, 0.782555), (0.395468, 0.793367), (0.381826, 0.787594), (0.378106, 0.784889), (0.387637, 0.790944), (0.377682, 0.781452), (0.413032, 0.775675), (0.420175, 0.774253), (0.423924, 0.773522), (0.428642, 0.773502), (0.412743, 0.790261), (0.423826, 0.780404), (0.4265, 0.776709), (0.419295, 0.785435), (0.426945, 0.773006)]
[(0.404365, 0.779443), (0.404192, 0.794304), (0.39531, 0.779261), (0.38656, 0.780684), (0.381163, 0.781312), (0.374727, 0.782773), (0.395141, 0.794254), (0.381303, 0.788058), (0.377465, 0.785235), (0.387264, 0.791603), (0.377039, 0.781786), (0.41287, 0.776613), (0.420156, 0.775358), (0.424026, 0.774739), (0.428986, 0.774697), (0.412513, 0.791511), (0.423928, 0.781699), (0.426698, 0.777968), (0.41924, 0.786746), (0.427164, 0.774251)]
[(0.403781, 0.781717), (0.403541, 0.79646), (0.394744, 0.781328), (0.385916, 0.782583), (0.380394, 0.783057), (0.373412, 0.784289), (0.394558, 0.796223), (0.380468, 0.789706), (0.376403, 0.786821), (0.386641, 0.793397), (0.376021, 0.783395), (0.412216, 0.778969), (0.419347, 0.777792), (0.423091, 0.777176), (0.428079, 0.776998), (0.411764, 0.793789), (0.422984, 0.784064), (0.425719, 0.780319), (0.418389, 0.789101), (0.426165, 0.77662)]
[(0.403717, 0.778982), (0.403576, 0.79361), (0.394631, 0.778632), (0.385916, 0.779823), (0.380475, 0.780238), (0.373691, 0.781397), (0.39448, 0.793372), (0.380511, 0.786794), (0.376574, 0.783909), (0.386539, 0.790511), (0.376206, 0.780551), (0.412187, 0.7762), (0.419422, 0.774936), (0.423238, 0.774241), (0.428176, 0.773955), (0.411934, 0.790903), (0.42323, 0.781033), (0.425923, 0.777256), (0.418641, 0.786141), (0.426314, 0.773647)]
[(0.403114, 0.778625), (0.403065, 0.792916), (0.394003, 0.778266), (0.385266, 0.77944), (0.379847, 0.779895), (0.373185, 0.78114), (0.394024, 0.7927), (0.38006, 0.78639), (0.376107, 0.783595), (0.386105, 0.789956), (0.375629, 0.780257), (0.411664, 0.775936), (0.419021, 0.774764), (0.422898, 0.77414), (0.427935, 0.773941), (0.411464, 0.790314), (0.422883, 0.780805), (0.425613, 0.777156), (0.418239, 0.785728), (0.426031, 0.7736)]
[(0.404497, 0.776038), (0.404043, 0.789868), (0.395333, 0.775878), (0.386481, 0.777112), (0.380956, 0.777534), (0.374299, 0.778637), (0.39481, 0.789836), (0.38088, 0.783767), (0.377042, 0.781008), (0.386822, 0.78724), (0.376711, 0.77783), (0.413006, 0.77328), (0.420221, 0.771915), (0.424011, 0.771155), (0.42881, 0.770896), (0.412464, 0.787125), (0.42384, 0.77759), (0.42658, 0.774014), (0.41921, 0.782471), (0.427069, 0.770572)]
[(0.40482, 0.775359), (0.404217, 0.789287), (0.395561, 0.775271), (0.386502, 0.77666), (0.380812, 0.777196), (0.373835, 0.778482), (0.394968, 0.7893), (0.380759, 0.783455), (0.376757, 0.780799), (0.386864, 0.786799), (0.376378, 0.777589), (0.413403, 0.772587), (0.420655, 0.771266), (0.424456, 0.770549), (0.429338, 0.770348), (0.412628, 0.786533), (0.42412, 0.777069), (0.426954, 0.773497), (0.419408, 0.781914), (0.427554, 0.769995)]
[(0.405876, 0.774043), (0.405353, 0.787838), (0.396535, 0.774078), (0.38747, 0.775542), (0.381737, 0.776118), (0.374764, 0.777499), (0.396056, 0.787981), (0.38177, 0.782336), (0.377741, 0.779756), (0.387893, 0.785584), (0.377318, 0.776551), (0.414502, 0.771143), (0.421791, 0.769649), (0.425613, 0.768759), (0.430671, 0.768265), (0.413794, 0.784906), (0.425313, 0.775163), (0.428235, 0.771497), (0.420581, 0.780123), (0.428778, 0.768035)]
[(0.405121, 0.773898), (0.404512, 0.788529), (0.3958, 0.773724), (0.386704, 0.775123), (0.380957, 0.775669), (0.373997, 0.777076), (0.395272, 0.788476), (0.381041, 0.782319), (0.376989, 0.77953), (0.38717, 0.78582), (0.37655, 0.776082), (0.413849, 0.771074), (0.421253, 0.769751), (0.425126, 0.768991), (0.430178, 0.768734), (0.412974, 0.785674), (0.424658, 0.775815), (0.427642, 0.772072), (0.419822, 0.780859), (0.428298, 0.768373)]
[(0.404502, 0.776772), (0.403903, 0.790941), (0.395362, 0.776621), (0.386379, 0.778029), (0.380644, 0.778562), (0.373424, 0.779918), (0.394855, 0.790972), (0.380659, 0.785034), (0.376522, 0.782317), (0.38683, 0.788438), (0.376149, 0.778955), (0.413068, 0.773827), (0.420195, 0.772358), (0.423939, 0.771481), (0.428999, 0.770946), (0.412168, 0.788035), (0.423579, 0.778119), (0.426492, 0.774322), (0.41887, 0.783202), (0.427045, 0.770717)]
[(0.403633, 0.773621), (0.403303, 0.788344), (0.394596, 0.773558), (0.385853, 0.77501), (0.380394, 0.77557), (0.373807, 0.7769), (0.394174, 0.788351), (0.380392, 0.782145), (0.376565, 0.779324), (0.386249, 0.785701), (0.376214, 0.775973), (0.412156, 0.77073), (0.41942, 0.769319), (0.42324, 0.76853), (0.428158, 0.768195), (0.411681, 0.78539), (0.423061, 0.775286), (0.42585, 0.771495), (0.418414, 0.780444), (0.426328, 0.767888)]
[(0.404885, 0.771737), (0.404352, 0.785983), (0.395705, 0.771747), (0.386707, 0.773248), (0.38103, 0.773829), (0.37414, 0.775188), (0.395161, 0.786079), (0.381018, 0.780263), (0.377027, 0.777558), (0.387085, 0.783615), (0.376648, 0.774238), (0.413354, 0.768885), (0.420511, 0.767444), (0.424221, 0.766647), (0.429003, 0.766419), (0.412594, 0.783054), (0.423847, 0.773304), (0.42668, 0.769646), (0.419211, 0.778271), (0.427273, 0.766036)]
[(0.404996, 0.771488), (0.404648, 0.785561), (0.395899, 0.771651), (0.386989, 0.773319), (0.381428, 0.774026), (0.374662, 0.775586), (0.395553, 0.785769), (0.381504, 0.780337), (0.377536, 0.777804), (0.387531, 0.783487), (0.377134, 0.774554), (0.413392, 0.768606), (0.42056, 0.767175), (0.424281, 0.766383), (0.429218, 0.766165), (0.412792, 0.782634), (0.424045, 0.773012), (0.426876, 0.769363), (0.419409, 0.777932), (0.427367, 0.765789)]
[(0.403176, 0.772381), (0.40289, 0.786188), (0.394027, 0.772437), (0.385167, 0.773938), (0.379654, 0.774565), (0.373007, 0.776057), (0.39377, 0.786305), (0.379769, 0.780788), (0.375832, 0.778263), (0.385777, 0.78396), (0.375387, 0.775055), (0.411632, 0.769584), (0.418865, 0.7682), (0.422582, 0.767464), (0.427403, 0.767277), (0.411156, 0.783378), (0.422399, 0.773977), (0.425129, 0.770413), (0.417814, 0.778774), (0.425629, 0.766901)]
[(0.404512, 0.773904), (0.403681, 0.788699), (0.395361, 0.774082), (0.386126, 0.775881), (0.380359, 0.776647), (0.37328, 0.778263), (0.394596, 0.788921), (0.380359, 0.783241), (0.376258, 0.78059), (0.386543, 0.786529), (0.375841, 0.777196), (0.412911, 0.770917), (0.419942, 0.769398), (0.423509, 0.768614), (0.428107, 0.76846), (0.411753, 0.785625), (0.422834, 0.77561), (0.425669, 0.771823), (0.418254, 0.780714), (0.426448, 0.768006)]
[(0.403591, 0.77446), (0.403071, 0.789958), (0.394323, 0.774484), (0.38506, 0.776153), (0.37934, 0.776867), (0.372327, 0.778482), (0.393914, 0.790058), (0.379505, 0.783845), (0.375359, 0.780987), (0.385782, 0.787413), (0.374866, 0.777407), (0.412193, 0.771408), (0.419452, 0.76989), (0.423209, 0.769079), (0.428173, 0.768809), (0.411376, 0.786842), (0.422758, 0.776325), (0.425654, 0.772334), (0.418069, 0.78172), (0.426303, 0.768412)]
[(0.403728, 0.775665), (0.402582, 0.791275), (0.394295, 0.775582), (0.384905, 0.777231), (0.379028, 0.777926), (0.371675, 0.779546), (0.393389, 0.791311), (0.378927, 0.784928), (0.374738, 0.782055), (0.385262, 0.788592), (0.374342, 0.778454), (0.412443, 0.77257), (0.419753, 0.771087), (0.423396, 0.770349), (0.428126, 0.770089), (0.410994, 0.788177), (0.422461, 0.777662), (0.425474, 0.773668), (0.417718, 0.783043), (0.426367, 0.769675)]
[(0.403804, 0.773198), (0.4029, 0.789895), (0.394428, 0.772776), (0.385006, 0.774212), (0.379011, 0.774713), (0.371303, 0.776203), (0.393864, 0.789607), (0.379181, 0.782289), (0.374685, 0.779073), (0.38574, 0.786389), (0.374172, 0.775098), (0.412457, 0.770048), (0.419676, 0.768554), (0.423325, 0.767698), (0.428295, 0.767332), (0.411127, 0.786739), (0.422499, 0.775606), (0.425527, 0.771273), (0.417753, 0.781341), (0.426367, 0.766915)]
[(0.40543, 0.769083), (0.404328, 0.785683), (0.39605, 0.768801), (0.386665, 0.77043), (0.380626, 0.771097), (0.372945, 0.772761), (0.395326, 0.78547), (0.380839, 0.778523), (0.376319, 0.77549), (0.387306, 0.782411), (0.375777, 0.771616), (0.41406, 0.765985), (0.421331, 0.76457), (0.425049, 0.763794), (0.429845, 0.763466), (0.412609, 0.782537), (0.424075, 0.771659), (0.42713, 0.767381), (0.419283, 0.77723), (0.428031, 0.763075)]
[(0.406815, 0.763726), (0.405552, 0.781519), (0.397521, 0.763436), (0.388066, 0.765294), (0.382036, 0.766156), (0.374638, 0.768162), (0.39649, 0.781334), (0.382149, 0.774137), (0.377787, 0.770972), (0.388456, 0.778196), (0.377313, 0.76684), (0.415274, 0.760626), (0.42236, 0.75929), (0.42597, 0.758648), (0.430264, 0.758734), (0.413725, 0.778279), (0.424914, 0.767029), (0.427821, 0.762667), (0.42028, 0.772791), (0.428782, 0.758131)]
[(0.406019, 0.761514), (0.404691, 0.780686), (0.396566, 0.761054), (0.386873, 0.762942), (0.380734, 0.76378), (0.373131, 0.765738), (0.39547, 0.780302), (0.38084, 0.772251), (0.376365, 0.768793), (0.387284, 0.776748), (0.375882, 0.764398), (0.414594, 0.758382), (0.421777, 0.757138), (0.425389, 0.756627), (0.429665, 0.75699), (0.412929, 0.777399), (0.424201, 0.765627), (0.427164, 0.761087), (0.419527, 0.771678), (0.428218, 0.756204)]
[(0.405408, 0.75825), (0.404289, 0.776956), (0.395921, 0.757887), (0.386386, 0.759858), (0.380395, 0.760833), (0.373135, 0.762953), (0.395055, 0.776716), (0.380582, 0.769206), (0.376248, 0.765887), (0.386909, 0.773437), (0.375745, 0.761567), (0.414169, 0.755155), (0.421668, 0.754033), (0.425563, 0.753617), (0.430295, 0.75408), (0.412722, 0.773761), (0.424509, 0.762391), (0.427683, 0.758007), (0.419573, 0.768233), (0.428633, 0.753278)]
[(0.404956, 0.757776), (0.404019, 0.776226), (0.395433, 0.757422), (0.385927, 0.759419), (0.379999, 0.760501), (0.37279, 0.762842), (0.394895, 0.775986), (0.380393, 0.768713), (0.376026, 0.765601), (0.38676, 0.772785), (0.375397, 0.761375), (0.413625, 0.754661), (0.421051, 0.753581), (0.424873, 0.753215), (0.429603, 0.753708), (0.412265, 0.773101), (0.423801, 0.761915), (0.426929, 0.757588), (0.418994, 0.767688), (0.42787, 0.752937)]
[(0.405483, 0.757089), (0.40486, 0.77636), (0.395699, 0.756684), (0.385867, 0.758724), (0.379758, 0.759823), (0.372291, 0.762299), (0.395465, 0.776002), (0.380408, 0.768406), (0.375787, 0.76519), (0.387073, 0.772618), (0.37499, 0.760746), (0.414315, 0.753997), (0.42193, 0.75302), (0.425817, 0.752769), (0.430678, 0.75353), (0.413236, 0.773265), (0.424848, 0.761984), (0.427932, 0.757555), (0.420029, 0.767844), (0.428892, 0.7526)]
[(0.405329, 0.757376), (0.404634, 0.777107), (0.39531, 0.756889), (0.385255, 0.758979), (0.37905, 0.760109), (0.371538, 0.762666), (0.39502, 0.776723), (0.379666, 0.768887), (0.375004, 0.765602), (0.386461, 0.773228), (0.374205, 0.76105), (0.41429, 0.754166), (0.422024, 0.753185), (0.425901, 0.752991), (0.430809, 0.753895), (0.413179, 0.773955), (0.424975, 0.76246), (0.428078, 0.757976), (0.420084, 0.768422), (0.429, 0.752867)]
[(0.404729, 0.758771), (0.404192, 0.778814), (0.394669, 0.758179), (0.384622, 0.760267), (0.378472, 0.761404), (0.371047, 0.763922), (0.394621, 0.77833), (0.379233, 0.770249), (0.374544, 0.766913), (0.386081, 0.774704), (0.373682, 0.762311), (0.413824, 0.755519), (0.421697, 0.754574), (0.425676, 0.754422), (0.430831, 0.755368), (0.412764, 0.775679), (0.424785, 0.764059), (0.427989, 0.759519), (0.419758, 0.77009), (0.428911, 0.754298)]
[(0.403604, 0.760431), (0.402861, 0.780525), (0.393723, 0.759716), (0.384, 0.761722), (0.377943, 0.762835), (0.370429, 0.765333), (0.393478, 0.779992), (0.378419, 0.771719), (0.373883, 0.768341), (0.385076, 0.776277), (0.373176, 0.763756), (0.412597, 0.75721), (0.420313, 0.756389), (0.42421, 0.756246), (0.42945, 0.756925), (0.411464, 0.777422), (0.4234, 0.765657), (0.426596, 0.761082), (0.418457, 0.771749), (0.42739, 0.756048)]
[(0.404325, 0.760901), (0.403819, 0.780342), (0.394398, 0.760196), (0.384661, 0.76202), (0.378615, 0.762991), (0.371186, 0.765299), (0.394524, 0.779769), (0.379391, 0.771696), (0.374746, 0.768346), (0.386177, 0.77612), (0.373842, 0.763796), (0.413313, 0.757745), (0.421095, 0.756789), (0.425065, 0.756512), (0.430472, 0.757082), (0.412311, 0.777292), (0.42426, 0.765843), (0.427523, 0.761279), (0.419243, 0.771789), (0.428367, 0.756219)]
[(0.404591, 0.762769), (0.403872, 0.78233), (0.394781, 0.762174), (0.385086, 0.764087), (0.379087, 0.765099), (0.371689, 0.767447), (0.394595, 0.781848), (0.379635, 0.773748), (0.375118, 0.770416), (0.386275, 0.778201), (0.374337, 0.765938), (0.413473, 0.759579), (0.421123, 0.758574), (0.424995, 0.758259), (0.430229, 0.758721), (0.412388, 0.779181), (0.424222, 0.767478), (0.427389, 0.762889), (0.419314, 0.773526), (0.42819, 0.757928)]
[(0.405348, 0.762457), (0.404744, 0.781585), (0.395711, 0.761985), (0.386125, 0.763953), (0.380219, 0.764959), (0.37292, 0.767229), (0.395668, 0.7812), (0.380872, 0.773512), (0.376357, 0.770219), (0.387508, 0.77776), (0.375522, 0.76575), (0.414094, 0.759273), (0.421646, 0.758193), (0.425498, 0.757826), (0.430818, 0.758311), (0.413029, 0.77844), (0.424751, 0.767049), (0.427954, 0.76249), (0.419815, 0.772943), (0.428768, 0.757458)]
[(0.407649, 0.757798), (0.407494, 0.776188), (0.397928, 0.757594), (0.388464, 0.759744), (0.382601, 0.760944), (0.375721, 0.763484), (0.39818, 0.776116), (0.383444, 0.769165), (0.379043, 0.766147), (0.389928, 0.773063), (0.378169, 0.761912), (0.41652, 0.754502), (0.424309, 0.753275), (0.428432, 0.752796), (0.433863, 0.753176), (0.415962, 0.772923), (0.427861, 0.761553), (0.431123, 0.757119), (0.42285, 0.767397), (0.431795, 0.752419)]
[(0.408541, 0.759923), (0.408405, 0.778445), (0.398667, 0.759907), (0.389065, 0.762274), (0.383086, 0.763635), (0.375885, 0.766342), (0.398848, 0.778566), (0.383765, 0.771813), (0.379281, 0.768892), (0.39036, 0.775653), (0.378518, 0.764756), (0.417515, 0.75643), (0.425296, 0.755156), (0.429506, 0.754666), (0.434934, 0.755), (0.417005, 0.77506), (0.428988, 0.763384), (0.432211, 0.758928), (0.423999, 0.769391), (0.432824, 0.754334)]
[(0.410742, 0.762205), (0.41114, 0.781627), (0.400785, 0.762562), (0.391066, 0.765377), (0.384865, 0.766971), (0.377247, 0.770026), (0.401265, 0.782139), (0.385584, 0.775475), (0.380854, 0.772544), (0.392462, 0.77934), (0.380097, 0.768285), (0.419553, 0.758215), (0.427129, 0.756566), (0.43118, 0.755857), (0.436311, 0.755976), (0.419717, 0.777727), (0.431043, 0.764928), (0.433921, 0.760134), (0.426445, 0.771474), (0.434328, 0.755368)]
[(0.408989, 0.764373), (0.410331, 0.784148), (0.398897, 0.764755), (0.389372, 0.767517), (0.383287, 0.769091), (0.375928, 0.772026), (0.400169, 0.784751), (0.38419, 0.777867), (0.379459, 0.774718), (0.391189, 0.781899), (0.378694, 0.77035), (0.418102, 0.760133), (0.42613, 0.758362), (0.430595, 0.757525), (0.436369, 0.757353), (0.419286, 0.780087), (0.431143, 0.766675), (0.434044, 0.761646), (0.426316, 0.773541), (0.434037, 0.756899)]
[(0.405681, 0.769312), (0.40667, 0.786846), (0.395989, 0.769557), (0.386927, 0.77186), (0.381114, 0.773174), (0.373998, 0.775644), (0.396803, 0.787473), (0.381544, 0.781283), (0.377168, 0.778216), (0.388204, 0.784998), (0.376694, 0.774217), (0.414548, 0.765393), (0.422287, 0.763713), (0.426565, 0.762897), (0.432039, 0.76269), (0.415489, 0.783197), (0.42722, 0.771122), (0.429979, 0.766509), (0.422433, 0.777337), (0.429878, 0.762305)]
[(0.403847, 0.775092), (0.404355, 0.79279), (0.394407, 0.775307), (0.385605, 0.777646), (0.380025, 0.779058), (0.373264, 0.781578), (0.394664, 0.793405), (0.380104, 0.787209), (0.376091, 0.784126), (0.386358, 0.790954), (0.37584, 0.78017), (0.41256, 0.771306), (0.420127, 0.769839), (0.424397, 0.769201), (0.429817, 0.769212), (0.41314, 0.789264), (0.424963, 0.777414), (0.427773, 0.772886), (0.420125, 0.783533), (0.427679, 0.76878)]
[(0.403563, 0.781605), (0.404193, 0.798114), (0.39399, 0.781808), (0.38513, 0.783909), (0.379494, 0.785133), (0.372585, 0.787492), (0.394509, 0.798764), (0.379723, 0.792886), (0.375564, 0.789936), (0.386134, 0.79645), (0.375197, 0.78614), (0.412333, 0.777773), (0.419958, 0.776064), (0.42422, 0.775231), (0.429652, 0.774964), (0.412986, 0.79461), (0.4248, 0.783014), (0.427594, 0.778587), (0.419979, 0.78898), (0.427525, 0.774643)]
[(0.402, 0.785555), (0.403241, 0.802704), (0.392549, 0.785831), (0.38387, 0.7881), (0.378397, 0.789496), (0.371798, 0.792052), (0.393465, 0.803385), (0.378753, 0.797427), (0.37466, 0.79448), (0.385087, 0.80104), (0.374275, 0.790651), (0.410665, 0.781734), (0.418329, 0.780187), (0.422594, 0.779543), (0.427899, 0.779548), (0.41214, 0.799133), (0.423635, 0.787421), (0.426132, 0.783062), (0.419073, 0.793415), (0.425843, 0.77913)]
[(0.400807, 0.785074), (0.402418, 0.801067), (0.391596, 0.785441), (0.383328, 0.787587), (0.378145, 0.788892), (0.37184, 0.791285), (0.39291, 0.8019), (0.378624, 0.796467), (0.374648, 0.793628), (0.384786, 0.799844), (0.374244, 0.789992), (0.409313, 0.781238), (0.417086, 0.779573), (0.421554, 0.778799), (0.427182, 0.778577), (0.411223, 0.797573), (0.422827, 0.786249), (0.425406, 0.781989), (0.418179, 0.79206), (0.424963, 0.778303)]
[(0.402095, 0.78807), (0.40417, 0.803556), (0.393032, 0.788708), (0.384906, 0.791101), (0.379748, 0.79257), (0.373559, 0.79506), (0.394926, 0.80462), (0.380654, 0.799833), (0.376532, 0.797265), (0.386893, 0.80286), (0.375883, 0.793757), (0.41046, 0.784029), (0.418149, 0.782169), (0.422614, 0.781233), (0.428326, 0.780631), (0.412674, 0.799913), (0.424005, 0.78846), (0.426536, 0.784157), (0.419436, 0.794315), (0.426032, 0.78054)]
[(0.404534, 0.793056), (0.406412, 0.807147), (0.395769, 0.794085), (0.387873, 0.796766), (0.382915, 0.798419), (0.377164, 0.801108), (0.39778, 0.808467), (0.384173, 0.804931), (0.380147, 0.802915), (0.390178, 0.807253), (0.379229, 0.799746), (0.412548, 0.789022), (0.419987, 0.787026), (0.424215, 0.786054), (0.429636, 0.785419), (0.414338, 0.803537), (0.425158, 0.792832), (0.427698, 0.788818), (0.420735, 0.798262), (0.427487, 0.78533)]
[(0.4047, 0.796221), (0.406461, 0.810157), (0.396431, 0.796989), (0.389082, 0.799502), (0.384527, 0.801084), (0.379236, 0.803677), (0.398414, 0.811217), (0.385738, 0.807514), (0.382033, 0.805499), (0.39132, 0.809871), (0.381155, 0.802357), (0.412292, 0.79253), (0.419464, 0.790907), (0.423603, 0.790116), (0.429078, 0.789565), (0.414004, 0.806878), (0.424539, 0.79677), (0.427091, 0.792889), (0.420197, 0.801934), (0.426866, 0.789488)]
[(0.403909, 0.800101), (0.405661, 0.813984), (0.395715, 0.801019), (0.388375, 0.803775), (0.38376, 0.805644), (0.378381, 0.808612), (0.397508, 0.815215), (0.384673, 0.812097), (0.381037, 0.810259), (0.390306, 0.814188), (0.380367, 0.80714), (0.411603, 0.796522), (0.418801, 0.795143), (0.423055, 0.794576), (0.428559, 0.794361), (0.413347, 0.810771), (0.424099, 0.801058), (0.42664, 0.797414), (0.41966, 0.806005), (0.4263, 0.794158)]
[(0.403993, 0.803046), (0.405817, 0.818401), (0.395692, 0.803775), (0.388213, 0.806569), (0.383506, 0.808532), (0.378006, 0.811677), (0.397427, 0.819419), (0.384369, 0.815601), (0.380675, 0.8135), (0.390081, 0.818061), (0.380056, 0.810129), (0.412042, 0.799548), (0.41954, 0.798509), (0.423936, 0.798295), (0.429391, 0.798568), (0.413881, 0.815267), (0.424938, 0.805379), (0.427463, 0.801664), (0.42044, 0.810432), (0.427175, 0.798156)]
[(0.406638, 0.805622), (0.408011, 0.820689), (0.398322, 0.806385), (0.390675, 0.809356), (0.3858, 0.81149), (0.379943, 0.814829), (0.399785, 0.821781), (0.386609, 0.818506), (0.382773, 0.816566), (0.392462, 0.820694), (0.382177, 0.813192), (0.414713, 0.802136), (0.422183, 0.801192), (0.426605, 0.80109), (0.432006, 0.801578), (0.415852, 0.81769), (0.42709, 0.808275), (0.429867, 0.804642), (0.422378, 0.81313), (0.429849, 0.801054)]
[(0.406638, 0.805622), (0.408011, 0.820689), (0.398322, 0.806385), (0.390675, 0.809356), (0.3858, 0.81149), (0.379943, 0.814829), (0.399785, 0.821781), (0.386609, 0.818506), (0.382773, 0.816566), (0.392462, 0.820694), (0.382177, 0.813192), (0.414713, 0.802136), (0.422183, 0.801192), (0.426605, 0.80109), (0.432006, 0.801578), (0.415852, 0.81769), (0.42709, 0.808275), (0.429867, 0.804642), (0.422378, 0.81313), (0.429849, 0.801054)]
[(0.409795, 0.769652), (0.410776, 0.795251), (0.399676, 0.767569), (0.390601, 0.769719), (0.384656, 0.771388), (0.376613, 0.774719), (0.401426, 0.794632), (0.385529, 0.785062), (0.380511, 0.77968), (0.392855, 0.790907), (0.38004, 0.77286), (0.419463, 0.765242), (0.428171, 0.765025), (0.433419, 0.765543), (0.440068, 0.767624), (0.419692, 0.792552), (0.433375, 0.779512), (0.437222, 0.773221), (0.427426, 0.786929), (0.43728, 0.766234)]
[(0.406498, 0.749627), (0.406355, 0.779223), (0.396649, 0.74648), (0.387264, 0.749223), (0.380721, 0.752131), (0.371853, 0.757638), (0.39728, 0.778328), (0.38128, 0.768497), (0.375951, 0.763128), (0.388778, 0.77447), (0.375613, 0.754765), (0.415763, 0.745684), (0.423884, 0.747141), (0.429041, 0.749354), (0.4352, 0.754016), (0.41491, 0.777088), (0.428247, 0.765318), (0.432245, 0.759563), (0.422374, 0.772103), (0.432743, 0.751417)]
[(0.408775, 0.730495), (0.408304, 0.765311), (0.398452, 0.726727), (0.388426, 0.731229), (0.381297, 0.736342), (0.371979, 0.745363), (0.398909, 0.764495), (0.382152, 0.755725), (0.376391, 0.75088), (0.390025, 0.761157), (0.375823, 0.740875), (0.418801, 0.726715), (0.427808, 0.730882), (0.433768, 0.735483), (0.440932, 0.74345), (0.417463, 0.763662), (0.432378, 0.753486), (0.437231, 0.748626), (0.425649, 0.759383), (0.438097, 0.739369)]
[(0.409682, 0.711785), (0.409215, 0.754287), (0.398968, 0.709081), (0.388487, 0.715881), (0.381253, 0.722934), (0.372251, 0.734698), (0.399495, 0.753726), (0.382391, 0.745366), (0.376582, 0.740407), (0.390431, 0.750621), (0.375811, 0.728889), (0.41969, 0.70869), (0.42913, 0.714433), (0.435251, 0.720839), (0.441544, 0.732222), (0.418663, 0.752603), (0.433595, 0.742589), (0.438193, 0.737679), (0.426963, 0.748344), (0.43935, 0.726548)]
[(0.411866, 0.700553), (0.413693, 0.74953), (0.401228, 0.698948), (0.391498, 0.70731), (0.385281, 0.715907), (0.37833, 0.730467), (0.403915, 0.749828), (0.387523, 0.741348), (0.382271, 0.736233), (0.395061, 0.746879), (0.38089, 0.723377), (0.421972, 0.696243), (0.432353, 0.701584), (0.43922, 0.707897), (0.446492, 0.719809), (0.423445, 0.746551), (0.438566, 0.732554), (0.443202, 0.726151), (0.431907, 0.740413), (0.443913, 0.713799)]
[(0.409019, 0.705698), (0.41207, 0.752643), (0.398768, 0.704237), (0.389769, 0.712211), (0.384109, 0.720726), (0.377826, 0.735339), (0.402729, 0.753258), (0.386955, 0.745433), (0.381786, 0.740771), (0.394259, 0.750619), (0.38009, 0.72815), (0.418754, 0.70011), (0.429093, 0.704159), (0.436184, 0.709611), (0.444425, 0.721136), (0.421576, 0.749213), (0.436438, 0.734483), (0.441101, 0.727819), (0.429871, 0.742689), (0.441303, 0.715068)]
[(0.406981, 0.708121), (0.411235, 0.755248), (0.396538, 0.706949), (0.387443, 0.715214), (0.381839, 0.724183), (0.375878, 0.739737), (0.40168, 0.756146), (0.385408, 0.749196), (0.380018, 0.744899), (0.39298, 0.753885), (0.377941, 0.732097), (0.416729, 0.702145), (0.427248, 0.706007), (0.434431, 0.71144), (0.442743, 0.723243), (0.420761, 0.751515), (0.435232, 0.73655), (0.439619, 0.729844), (0.428933, 0.744806), (0.439573, 0.717012)]
[(0.410537, 0.711562), (0.413854, 0.752154), (0.399546, 0.710291), (0.389793, 0.718914), (0.383583, 0.728095), (0.376561, 0.743693), (0.404092, 0.753204), (0.387002, 0.749668), (0.381151, 0.74736), (0.395026, 0.752323), (0.37913, 0.736066), (0.420667, 0.70587), (0.431041, 0.710128), (0.437935, 0.716221), (0.445659, 0.729331), (0.423374, 0.749181), (0.437964, 0.738807), (0.442406, 0.734403), (0.431612, 0.744393), (0.442755, 0.722478)]
[(0.416312, 0.713205), (0.418892, 0.755414), (0.4044, 0.712079), (0.393121, 0.722224), (0.385658, 0.732341), (0.37659, 0.748872), (0.408185, 0.756872), (0.38878, 0.754434), (0.381938, 0.75237), (0.397971, 0.756536), (0.380052, 0.74102), (0.42693, 0.707908), (0.437422, 0.713114), (0.444153, 0.720024), (0.451272, 0.733545), (0.428822, 0.752421), (0.443718, 0.742748), (0.448102, 0.738499), (0.437272, 0.747956), (0.44876, 0.726712)]
[(0.416945, 0.727302), (0.418937, 0.760044), (0.405356, 0.726538), (0.394194, 0.735101), (0.386587, 0.743315), (0.376637, 0.757194), (0.408338, 0.761795), (0.389035, 0.760962), (0.382123, 0.75975), (0.398223, 0.762021), (0.380612, 0.750508), (0.427062, 0.721947), (0.436643, 0.724925), (0.442786, 0.72974), (0.449494, 0.740583), (0.428289, 0.757013), (0.442275, 0.74859), (0.446485, 0.744892), (0.436213, 0.752985), (0.447102, 0.734854)]
[(0.418734, 0.73059), (0.419902, 0.764178), (0.407343, 0.728926), (0.396412, 0.736254), (0.388754, 0.743541), (0.378569, 0.756106), (0.409566, 0.765446), (0.390545, 0.762239), (0.383821, 0.759696), (0.39961, 0.764796), (0.382725, 0.749984), (0.428969, 0.725164), (0.43846, 0.728109), (0.44455, 0.732758), (0.451196, 0.742702), (0.42943, 0.761129), (0.443775, 0.75142), (0.448088, 0.747289), (0.43752, 0.756564), (0.448772, 0.737468)]
[(0.417651, 0.719724), (0.419278, 0.760131), (0.406503, 0.717939), (0.395979, 0.726165), (0.388796, 0.734613), (0.380015, 0.748612), (0.40923, 0.760955), (0.3911, 0.756197), (0.38487, 0.752904), (0.399646, 0.75966), (0.383453, 0.741927), (0.42816, 0.714875), (0.438247, 0.719924), (0.444786, 0.726143), (0.451928, 0.737808), (0.429088, 0.757338), (0.444097, 0.746971), (0.448589, 0.74261), (0.437512, 0.752558), (0.449287, 0.731972)]
[(0.413494, 0.716662), (0.415242, 0.759875), (0.402169, 0.714503), (0.391602, 0.72344), (0.384386, 0.732387), (0.375507, 0.746603), (0.40504, 0.760261), (0.386712, 0.75459), (0.380433, 0.751189), (0.395349, 0.758447), (0.379014, 0.739756), (0.424022, 0.71183), (0.434341, 0.717775), (0.441122, 0.724694), (0.448662, 0.736943), (0.425122, 0.757476), (0.440536, 0.747061), (0.445194, 0.742307), (0.433749, 0.752884), (0.445814, 0.730804)]
[(0.413879, 0.714676), (0.415683, 0.76015), (0.402661, 0.712117), (0.392165, 0.721287), (0.384989, 0.730642), (0.376126, 0.74552), (0.405681, 0.760559), (0.387423, 0.754327), (0.381092, 0.750526), (0.396089, 0.758558), (0.379632, 0.738407), (0.424149, 0.709866), (0.434207, 0.716302), (0.440733, 0.723609), (0.447827, 0.736142), (0.425341, 0.757639), (0.440105, 0.746545), (0.444538, 0.741659), (0.433652, 0.752677), (0.445179, 0.729941)]
[(0.405807, 0.712537), (0.408933, 0.757862), (0.394127, 0.71072), (0.383294, 0.719816), (0.376211, 0.729568), (0.368162, 0.74583), (0.398268, 0.758538), (0.379462, 0.753379), (0.373067, 0.750142), (0.388282, 0.756897), (0.371118, 0.737976), (0.416495, 0.707387), (0.427391, 0.713072), (0.434521, 0.720032), (0.442284, 0.733267), (0.419104, 0.75511), (0.434539, 0.743836), (0.439017, 0.738635), (0.427873, 0.750102), (0.439399, 0.726552)]
[(0.403737, 0.707887), (0.40675, 0.755455), (0.391474, 0.706639), (0.379924, 0.716503), (0.37249, 0.727048), (0.364288, 0.745078), (0.395552, 0.756597), (0.375929, 0.752016), (0.369266, 0.74908), (0.385117, 0.755298), (0.367197, 0.736298), (0.414901, 0.702026), (0.42627, 0.707152), (0.433637, 0.714236), (0.441472, 0.728983), (0.417304, 0.752134), (0.433262, 0.739992), (0.43799, 0.7346), (0.426351, 0.746608), (0.438614, 0.721394)]
[(0.397251, 0.721211), (0.400813, 0.76668), (0.385442, 0.719823), (0.374645, 0.729308), (0.367716, 0.739365), (0.359973, 0.75634), (0.389771, 0.767874), (0.370732, 0.762931), (0.364529, 0.759987), (0.379563, 0.766386), (0.362772, 0.748144), (0.407933, 0.715218), (0.418576, 0.720071), (0.425434, 0.726547), (0.433081, 0.739696), (0.411098, 0.763426), (0.426047, 0.750746), (0.430143, 0.745111), (0.419755, 0.757722), (0.430166, 0.732959)]
