[(0.449858, 0.726992), (0.449378, 0.752871), (0.439005, 0.723099), (0.428565, 0.725496), (0.421341, 0.728801), (0.41214, 0.735551), (0.439593, 0.751752), (0.422346, 0.744428), (0.416558, 0.740283), (0.430452, 0.748851), (0.415909, 0.732006), (0.460429, 0.723601), (0.470009, 0.726139), (0.476251, 0.729445), (0.48363, 0.736133), (0.45887, 0.751703), (0.474569, 0.744307), (0.479718, 0.740441), (0.467422, 0.748654), (0.480815, 0.732563)]
[(0.447112, 0.716735), (0.446558, 0.748617), (0.436532, 0.712624), (0.426088, 0.716922), (0.418771, 0.722277), (0.409737, 0.731965), (0.437087, 0.747446), (0.420123, 0.73988), (0.414239, 0.736273), (0.428119, 0.744408), (0.413354, 0.72707), (0.457222, 0.713174), (0.466331, 0.717576), (0.472164, 0.722953), (0.478647, 0.732618), (0.455583, 0.747777), (0.470331, 0.74054), (0.475068, 0.736878), (0.463681, 0.744917), (0.47624, 0.727686)]
[(0.45289, 0.702081), (0.451763, 0.743028), (0.442615, 0.698222), (0.432281, 0.705387), (0.425027, 0.712834), (0.415637, 0.724681), (0.442569, 0.742212), (0.425767, 0.734293), (0.419975, 0.729898), (0.433704, 0.739298), (0.419466, 0.718956), (0.462383, 0.699203), (0.470996, 0.706324), (0.476247, 0.71396), (0.481289, 0.725888), (0.460599, 0.741929), (0.474215, 0.733902), (0.478264, 0.730198), (0.468231, 0.738554), (0.47958, 0.720223)]
[(0.451289, 0.700321), (0.451416, 0.741145), (0.441224, 0.696515), (0.431765, 0.703216), (0.425229, 0.710175), (0.416672, 0.721223), (0.442347, 0.740303), (0.426281, 0.731389), (0.420834, 0.726656), (0.433802, 0.736979), (0.420224, 0.71582), (0.460913, 0.696727), (0.470009, 0.703178), (0.47589, 0.709934), (0.482368, 0.720727), (0.460553, 0.739619), (0.474743, 0.729821), (0.479087, 0.72549), (0.468494, 0.735381), (0.479865, 0.715467)]
[(0.450273, 0.692232), (0.451157, 0.735162), (0.43989, 0.68849), (0.430082, 0.694572), (0.423499, 0.701658), (0.415487, 0.713963), (0.441646, 0.734196), (0.425275, 0.724442), (0.4197, 0.719508), (0.432922, 0.730372), (0.418601, 0.707767), (0.460043, 0.687874), (0.46959, 0.693216), (0.475863, 0.699722), (0.482564, 0.71238), (0.460535, 0.733403), (0.474889, 0.722473), (0.479284, 0.717565), (0.468621, 0.728672), (0.480114, 0.705915)]
[(0.451353, 0.685957), (0.453548, 0.734136), (0.441318, 0.683364), (0.432439, 0.690392), (0.426799, 0.698653), (0.420382, 0.71376), (0.4444, 0.733501), (0.429293, 0.724527), (0.424305, 0.719625), (0.436239, 0.730076), (0.422742, 0.706195), (0.461325, 0.681835), (0.471991, 0.687722), (0.479316, 0.694664), (0.487329, 0.70845), (0.4633, 0.731978), (0.478832, 0.719989), (0.483811, 0.714372), (0.471898, 0.72677), (0.484477, 0.701356)]
[(0.458432, 0.688695), (0.459138, 0.733949), (0.448334, 0.687395), (0.439249, 0.696053), (0.433554, 0.705248), (0.42706, 0.721038), (0.450013, 0.734522), (0.435297, 0.729259), (0.43069, 0.725694), (0.441973, 0.732888), (0.429434, 0.71322), (0.468607, 0.684469), (0.479602, 0.690555), (0.487296, 0.69812), (0.495929, 0.713537), (0.469107, 0.731677), (0.486123, 0.722701), (0.491918, 0.718581), (0.478262, 0.727563), (0.492964, 0.70561)]
[(0.456626, 0.689696), (0.457296, 0.736859), (0.445998, 0.687875), (0.436238, 0.696444), (0.42982, 0.705558), (0.422073, 0.721113), (0.447651, 0.737547), (0.431517, 0.731486), (0.426221, 0.726924), (0.438955, 0.735766), (0.424984, 0.713439), (0.467154, 0.685024), (0.478336, 0.691016), (0.486228, 0.698472), (0.495175, 0.713783), (0.467715, 0.734351), (0.485166, 0.724142), (0.491059, 0.719405), (0.477151, 0.729732), (0.492061, 0.705894)]
[(0.459667, 0.690672), (0.459379, 0.734891), (0.448683, 0.689109), (0.438127, 0.697471), (0.431062, 0.706573), (0.422444, 0.722458), (0.449267, 0.735805), (0.432264, 0.731416), (0.426714, 0.727526), (0.440117, 0.734758), (0.425687, 0.714558), (0.470492, 0.686618), (0.481736, 0.692685), (0.489634, 0.700292), (0.498427, 0.716455), (0.470126, 0.7327), (0.488141, 0.724851), (0.494212, 0.721171), (0.479865, 0.729075), (0.495478, 0.708083)]
[(0.462571, 0.691615), (0.461948, 0.733511), (0.451454, 0.690478), (0.440197, 0.698893), (0.432614, 0.707856), (0.423436, 0.723287), (0.451566, 0.734478), (0.433783, 0.731169), (0.427905, 0.72783), (0.442058, 0.73386), (0.426852, 0.715638), (0.473277, 0.687954), (0.484144, 0.693859), (0.491565, 0.701651), (0.499482, 0.71842), (0.472348, 0.731634), (0.489715, 0.725765), (0.495486, 0.722756), (0.481769, 0.728896), (0.496977, 0.709792)]
[(0.461932, 0.689652), (0.463316, 0.735594), (0.451759, 0.688705), (0.442714, 0.696733), (0.436993, 0.704749), (0.430466, 0.718253), (0.45381, 0.735784), (0.438751, 0.727859), (0.434112, 0.723205), (0.445533, 0.732998), (0.432855, 0.711522), (0.472308, 0.68522), (0.483588, 0.69007), (0.491675, 0.695864), (0.501409, 0.708029), (0.473702, 0.732631), (0.491359, 0.719924), (0.497281, 0.714044), (0.483204, 0.726954), (0.49791, 0.70148)]
[(0.455929, 0.687546), (0.458199, 0.741358), (0.446241, 0.68773), (0.43795, 0.696593), (0.433141, 0.705859), (0.428307, 0.722477), (0.449139, 0.741962), (0.435528, 0.733858), (0.431429, 0.728465), (0.441583, 0.739149), (0.429863, 0.714042), (0.465873, 0.68366), (0.477127, 0.688879), (0.485392, 0.695144), (0.495567, 0.709112), (0.46861, 0.73728), (0.485831, 0.722593), (0.491685, 0.716086), (0.477865, 0.73034), (0.491822, 0.701676)]
[(0.453523, 0.690293), (0.456478, 0.746914), (0.443995, 0.68991), (0.435897, 0.699364), (0.431189, 0.709276), (0.426589, 0.726363), (0.447765, 0.747468), (0.434136, 0.738375), (0.42988, 0.732808), (0.440259, 0.744311), (0.42807, 0.717873), (0.463025, 0.686227), (0.473536, 0.692081), (0.480905, 0.698994), (0.489293, 0.712915), (0.466168, 0.742782), (0.481213, 0.726876), (0.48607, 0.72013), (0.474451, 0.735299), (0.486263, 0.705736)]
[(0.448601, 0.700396), (0.451334, 0.74804), (0.438822, 0.698919), (0.43019, 0.706689), (0.424877, 0.71488), (0.419081, 0.729056), (0.442424, 0.748224), (0.427722, 0.739724), (0.422851, 0.734782), (0.434474, 0.745174), (0.421185, 0.721917), (0.457789, 0.695076), (0.467348, 0.69907), (0.473733, 0.704829), (0.480832, 0.718033), (0.460235, 0.744631), (0.473725, 0.73084), (0.477889, 0.724573), (0.467801, 0.738306), (0.478209, 0.711012)]
[(0.445347, 0.699623), (0.446729, 0.748454), (0.435492, 0.697784), (0.425626, 0.706672), (0.419121, 0.715836), (0.411751, 0.731913), (0.437511, 0.748676), (0.421467, 0.74029), (0.41591, 0.736289), (0.428958, 0.745464), (0.414442, 0.723856), (0.453795, 0.693848), (0.461806, 0.698017), (0.466794, 0.704647), (0.471707, 0.720521), (0.454663, 0.744934), (0.466012, 0.731625), (0.469335, 0.72612), (0.461159, 0.738765), (0.470084, 0.712127)]
[(0.447896, 0.708221), (0.450279, 0.751676), (0.438422, 0.705769), (0.429871, 0.71245), (0.424391, 0.719595), (0.418097, 0.732434), (0.441615, 0.75141), (0.426934, 0.742664), (0.421974, 0.737891), (0.433751, 0.748137), (0.420481, 0.725898), (0.456716, 0.702418), (0.465584, 0.70603), (0.471414, 0.711592), (0.477939, 0.72501), (0.458614, 0.748704), (0.471272, 0.736363), (0.475149, 0.730808), (0.46572, 0.743097), (0.475487, 0.717791)]
[(0.447226, 0.702243), (0.4498, 0.748403), (0.437692, 0.69949), (0.429117, 0.705747), (0.423595, 0.712211), (0.417199, 0.723734), (0.441128, 0.747879), (0.426351, 0.736598), (0.421241, 0.730374), (0.43323, 0.743641), (0.419671, 0.717715), (0.456019, 0.696057), (0.464842, 0.698864), (0.470702, 0.703217), (0.477591, 0.714022), (0.458065, 0.745002), (0.470622, 0.72927), (0.474604, 0.721728), (0.465102, 0.737995), (0.474876, 0.708048)]
[(0.446939, 0.702169), (0.449713, 0.749486), (0.437371, 0.699388), (0.428795, 0.70609), (0.423352, 0.713342), (0.417281, 0.726296), (0.441061, 0.748824), (0.426346, 0.738242), (0.421287, 0.732598), (0.4332, 0.744769), (0.419564, 0.719599), (0.455867, 0.69637), (0.464988, 0.700233), (0.471013, 0.705667), (0.477901, 0.718073), (0.458081, 0.746601), (0.470875, 0.732248), (0.474891, 0.725322), (0.465264, 0.740278), (0.475232, 0.711356)]
[(0.448598, 0.704389), (0.451324, 0.750175), (0.438827, 0.701721), (0.430187, 0.70867), (0.424824, 0.71649), (0.419083, 0.730421), (0.442567, 0.749732), (0.427865, 0.740949), (0.422959, 0.736121), (0.434657, 0.74648), (0.421162, 0.723448), (0.458106, 0.698904), (0.467927, 0.703627), (0.474359, 0.709952), (0.481449, 0.723839), (0.460243, 0.747592), (0.473991, 0.735376), (0.478268, 0.729821), (0.467961, 0.742107), (0.478807, 0.71657)]
[(0.447996, 0.702142), (0.450106, 0.750076), (0.437318, 0.698789), (0.427189, 0.705527), (0.420688, 0.713644), (0.41349, 0.728774), (0.440394, 0.74939), (0.423729, 0.739905), (0.417928, 0.734687), (0.43154, 0.745723), (0.416087, 0.721018), (0.457878, 0.69672), (0.467758, 0.701639), (0.474147, 0.708523), (0.480934, 0.723867), (0.459398, 0.747592), (0.47338, 0.7355), (0.477696, 0.729898), (0.467302, 0.742203), (0.478479, 0.715828)]
[(0.447024, 0.704246), (0.449282, 0.748793), (0.436528, 0.701179), (0.426862, 0.708124), (0.420728, 0.716195), (0.413873, 0.73084), (0.439825, 0.748323), (0.423644, 0.740107), (0.418085, 0.735832), (0.431193, 0.745201), (0.416365, 0.723459), (0.456954, 0.698698), (0.466942, 0.703446), (0.473468, 0.709965), (0.480694, 0.724083), (0.458613, 0.746337), (0.472895, 0.734723), (0.477334, 0.729573), (0.466647, 0.741117), (0.477972, 0.716765)]
[(0.449042, 0.703247), (0.451359, 0.750966), (0.438104, 0.700187), (0.428157, 0.70737), (0.421826, 0.715639), (0.414714, 0.730466), (0.441496, 0.750458), (0.424739, 0.740957), (0.419043, 0.736069), (0.432523, 0.746835), (0.417311, 0.72301), (0.4595, 0.697816), (0.470084, 0.702906), (0.477146, 0.709558), (0.485102, 0.723914), (0.461284, 0.748304), (0.476611, 0.735367), (0.481462, 0.729784), (0.469863, 0.742524), (0.482102, 0.71644)]
[(0.448005, 0.706866), (0.450314, 0.74994), (0.437272, 0.703924), (0.427522, 0.710693), (0.42135, 0.718789), (0.414507, 0.733532), (0.440671, 0.749461), (0.42434, 0.741744), (0.418787, 0.738045), (0.431895, 0.746481), (0.416984, 0.726151), (0.45847, 0.701664), (0.469097, 0.706581), (0.476148, 0.71319), (0.484024, 0.727427), (0.460165, 0.747653), (0.475504, 0.736775), (0.480348, 0.732304), (0.468745, 0.742708), (0.481088, 0.720044)]
[(0.442864, 0.708559), (0.445436, 0.755431), (0.431755, 0.70618), (0.421197, 0.714171), (0.414467, 0.723241), (0.407079, 0.739197), (0.435072, 0.755375), (0.417443, 0.747908), (0.4115, 0.743832), (0.425626, 0.752537), (0.40968, 0.731294), (0.453059, 0.703475), (0.463388, 0.708981), (0.470028, 0.71615), (0.477257, 0.730656), (0.455272, 0.752945), (0.469924, 0.74144), (0.474159, 0.73594), (0.463615, 0.747888), (0.4746, 0.72327)]
[(0.44141, 0.709732), (0.4441, 0.754856), (0.430328, 0.707346), (0.42, 0.715343), (0.413545, 0.724587), (0.406609, 0.740948), (0.433874, 0.754852), (0.416643, 0.748318), (0.410892, 0.744889), (0.42461, 0.752345), (0.40902, 0.732839), (0.451697, 0.704629), (0.462329, 0.710319), (0.469212, 0.717597), (0.476918, 0.731872), (0.454025, 0.75255), (0.4691, 0.741774), (0.473575, 0.736723), (0.46254, 0.747794), (0.474014, 0.724623)]
[(0.442171, 0.708909), (0.444853, 0.752295), (0.431214, 0.706739), (0.420998, 0.714639), (0.414569, 0.723706), (0.407642, 0.739778), (0.434859, 0.752427), (0.417794, 0.746911), (0.412011, 0.743714), (0.425745, 0.750427), (0.410063, 0.73181), (0.452336, 0.704002), (0.462837, 0.709405), (0.469634, 0.716441), (0.477156, 0.730465), (0.454525, 0.75008), (0.4693, 0.740112), (0.473776, 0.735323), (0.462852, 0.745681), (0.474356, 0.723305)]
[(0.442667, 0.707275), (0.44542, 0.751306), (0.431392, 0.705113), (0.420685, 0.713129), (0.413938, 0.722397), (0.406747, 0.738926), (0.435098, 0.751459), (0.417409, 0.745942), (0.411348, 0.742797), (0.425666, 0.749426), (0.409212, 0.730728), (0.452998, 0.702346), (0.463675, 0.707829), (0.470578, 0.715017), (0.47815, 0.729502), (0.455262, 0.748993), (0.470186, 0.739024), (0.474715, 0.734298), (0.463692, 0.744553), (0.475375, 0.722113)]
[(0.445106, 0.70748), (0.447958, 0.751318), (0.433914, 0.704761), (0.423558, 0.712433), (0.416942, 0.721218), (0.409525, 0.736635), (0.437729, 0.75111), (0.420185, 0.744222), (0.414145, 0.740788), (0.428377, 0.748427), (0.412202, 0.728969), (0.455439, 0.702304), (0.466045, 0.707728), (0.473034, 0.714577), (0.480832, 0.728512), (0.457859, 0.748956), (0.472849, 0.738162), (0.47739, 0.733371), (0.466346, 0.744126), (0.477896, 0.721357)]
[(0.447747, 0.704872), (0.449935, 0.749966), (0.436387, 0.701509), (0.425731, 0.708557), (0.418801, 0.716857), (0.410844, 0.731702), (0.439573, 0.749496), (0.42169, 0.741165), (0.415516, 0.736767), (0.430069, 0.74632), (0.413769, 0.724186), (0.458187, 0.699776), (0.468614, 0.705168), (0.475479, 0.712113), (0.482983, 0.726734), (0.459907, 0.747781), (0.474976, 0.736803), (0.479562, 0.7319), (0.468439, 0.742946), (0.480215, 0.719142)]
[(0.445139, 0.706332), (0.446651, 0.749205), (0.433869, 0.703226), (0.423069, 0.710404), (0.416113, 0.719024), (0.408386, 0.734843), (0.43642, 0.748851), (0.418926, 0.742571), (0.412923, 0.739124), (0.42709, 0.746423), (0.411162, 0.726856), (0.455594, 0.701557), (0.465981, 0.70722), (0.472676, 0.714446), (0.479923, 0.729112), (0.456502, 0.747256), (0.471617, 0.738084), (0.476318, 0.733835), (0.464995, 0.743166), (0.477262, 0.721593)]
[(0.445099, 0.704633), (0.446319, 0.747348), (0.433869, 0.701259), (0.422917, 0.708058), (0.415733, 0.716195), (0.407668, 0.730759), (0.436089, 0.746543), (0.418408, 0.739365), (0.412296, 0.735484), (0.426701, 0.743748), (0.410591, 0.723438), (0.455605, 0.700659), (0.466006, 0.706907), (0.472695, 0.714286), (0.479633, 0.728661), (0.456226, 0.745866), (0.471351, 0.737364), (0.476033, 0.733345), (0.464755, 0.742162), (0.477182, 0.721392)]
[(0.449926, 0.702682), (0.450287, 0.749078), (0.438606, 0.69878), (0.427301, 0.705142), (0.419704, 0.712942), (0.410896, 0.727067), (0.439999, 0.748082), (0.421996, 0.738595), (0.415677, 0.733197), (0.430477, 0.744464), (0.41415, 0.719931), (0.460441, 0.698666), (0.470614, 0.704864), (0.477152, 0.712524), (0.483813, 0.728067), (0.460129, 0.747586), (0.475324, 0.737969), (0.480147, 0.73339), (0.468637, 0.743469), (0.481546, 0.720165)]
[(0.451561, 0.701673), (0.451689, 0.746868), (0.44039, 0.69769), (0.429236, 0.703782), (0.421706, 0.711334), (0.412885, 0.724889), (0.441617, 0.745703), (0.423894, 0.736143), (0.417639, 0.730875), (0.432244, 0.742031), (0.416171, 0.718084), (0.46209, 0.697923), (0.47218, 0.704253), (0.478648, 0.712102), (0.485128, 0.728129), (0.461384, 0.745647), (0.476543, 0.737032), (0.481408, 0.733025), (0.46983, 0.741973), (0.482967, 0.720033)]
[(0.449144, 0.702453), (0.449511, 0.746707), (0.438065, 0.698186), (0.426869, 0.704552), (0.41929, 0.712373), (0.410417, 0.7262), (0.43949, 0.745395), (0.421682, 0.736797), (0.415304, 0.731978), (0.430137, 0.742067), (0.41371, 0.719305), (0.459588, 0.699116), (0.46969, 0.706292), (0.476157, 0.71458), (0.482673, 0.730441), (0.459143, 0.745958), (0.474105, 0.738763), (0.478932, 0.735163), (0.467509, 0.742975), (0.480484, 0.722555)]
[(0.450602, 0.703647), (0.450941, 0.749595), (0.439282, 0.699356), (0.42787, 0.70552), (0.420201, 0.713379), (0.411217, 0.727754), (0.440554, 0.748381), (0.42237, 0.73921), (0.416036, 0.733861), (0.430944, 0.744918), (0.41454, 0.720489), (0.461249, 0.700184), (0.471609, 0.707264), (0.478299, 0.71569), (0.48511, 0.73245), (0.460934, 0.748605), (0.476409, 0.740979), (0.481354, 0.737189), (0.469582, 0.745413), (0.482857, 0.724067)]
[(0.451012, 0.700419), (0.451064, 0.748987), (0.439644, 0.695815), (0.428305, 0.701599), (0.420717, 0.70902), (0.411796, 0.722897), (0.440582, 0.747418), (0.422627, 0.736088), (0.416461, 0.729778), (0.431009, 0.742987), (0.415138, 0.715794), (0.461711, 0.696777), (0.472013, 0.703535), (0.478634, 0.71153), (0.485241, 0.727667), (0.461224, 0.747815), (0.476757, 0.737953), (0.481601, 0.733149), (0.469968, 0.743709), (0.483032, 0.719531)]
[(0.451158, 0.696499), (0.451466, 0.749349), (0.439884, 0.69228), (0.428999, 0.698332), (0.421909, 0.706305), (0.413709, 0.721922), (0.441119, 0.747772), (0.423846, 0.735885), (0.418068, 0.729278), (0.431816, 0.743104), (0.416767, 0.713868), (0.462106, 0.6935), (0.47287, 0.700771), (0.479818, 0.709051), (0.48671, 0.725421), (0.461989, 0.747948), (0.478071, 0.736732), (0.483071, 0.731394), (0.471025, 0.743206), (0.484401, 0.717142)]
[(0.450776, 0.690821), (0.451021, 0.748013), (0.439316, 0.688122), (0.42855, 0.694963), (0.421867, 0.703768), (0.414953, 0.721384), (0.440474, 0.746669), (0.424042, 0.73542), (0.418868, 0.728822), (0.431446, 0.742283), (0.417315, 0.712259), (0.46237, 0.688763), (0.474328, 0.696484), (0.482289, 0.705231), (0.490516, 0.723291), (0.462432, 0.74642), (0.480476, 0.735354), (0.486371, 0.729803), (0.472376, 0.74167), (0.487811, 0.714086)]
[(0.44872, 0.686249), (0.447094, 0.742567), (0.437274, 0.683397), (0.426269, 0.688844), (0.419253, 0.696586), (0.411706, 0.713945), (0.436379, 0.741174), (0.419992, 0.729438), (0.415078, 0.722135), (0.427292, 0.736711), (0.414337, 0.704723), (0.4601, 0.684874), (0.471322, 0.691528), (0.478645, 0.699321), (0.485755, 0.716913), (0.458476, 0.740915), (0.476113, 0.729644), (0.481754, 0.723786), (0.468219, 0.736171), (0.483518, 0.707762)]
[(0.449988, 0.689006), (0.448245, 0.742025), (0.439587, 0.686718), (0.42928, 0.691896), (0.42258, 0.698978), (0.415194, 0.714795), (0.438223, 0.740964), (0.42288, 0.729805), (0.418293, 0.722668), (0.429722, 0.736791), (0.417796, 0.706292), (0.460304, 0.687413), (0.470374, 0.693278), (0.477136, 0.700317), (0.483974, 0.717191), (0.458725, 0.739944), (0.474991, 0.728758), (0.480246, 0.723456), (0.467713, 0.735033), (0.481777, 0.708282)]
[(0.45159, 0.68522), (0.450925, 0.742536), (0.441459, 0.683906), (0.431532, 0.690876), (0.425187, 0.699015), (0.418291, 0.715865), (0.441122, 0.74221), (0.425982, 0.731055), (0.421417, 0.723739), (0.432761, 0.738153), (0.420676, 0.706901), (0.461221, 0.683067), (0.470691, 0.689032), (0.477066, 0.696203), (0.483802, 0.712955), (0.460904, 0.739413), (0.475967, 0.725822), (0.480648, 0.719704), (0.469289, 0.733266), (0.481511, 0.70413)]
[(0.452324, 0.683562), (0.453014, 0.739741), (0.441649, 0.682058), (0.43153, 0.688518), (0.425161, 0.696051), (0.418384, 0.712048), (0.442942, 0.739388), (0.426936, 0.727405), (0.421979, 0.719895), (0.434159, 0.735015), (0.420689, 0.703537), (0.462104, 0.680918), (0.47163, 0.686348), (0.477938, 0.692938), (0.484583, 0.708327), (0.463024, 0.736471), (0.477491, 0.721695), (0.481741, 0.715215), (0.471226, 0.729804), (0.482266, 0.700268)]
[(0.459601, 0.687798), (0.461394, 0.746475), (0.448485, 0.686573), (0.438595, 0.694915), (0.432575, 0.703655), (0.42605, 0.720182), (0.451031, 0.746448), (0.434502, 0.734461), (0.429524, 0.727391), (0.441982, 0.742006), (0.428416, 0.711485), (0.470092, 0.683722), (0.480687, 0.689055), (0.487949, 0.695537), (0.496291, 0.709415), (0.472036, 0.742782), (0.488426, 0.725322), (0.493235, 0.717391), (0.481145, 0.735088), (0.493102, 0.702034)]
[(0.455862, 0.692859), (0.457095, 0.744207), (0.444343, 0.690263), (0.433347, 0.696817), (0.426038, 0.704354), (0.417501, 0.719069), (0.446447, 0.743892), (0.428264, 0.733273), (0.422104, 0.726564), (0.436736, 0.7401), (0.420698, 0.711431), (0.466637, 0.688501), (0.477136, 0.693132), (0.484264, 0.699214), (0.492249, 0.713343), (0.467565, 0.74136), (0.483653, 0.727337), (0.488687, 0.720679), (0.476534, 0.735262), (0.489331, 0.705805)]
[(0.455427, 0.687393), (0.457023, 0.744347), (0.443684, 0.685295), (0.432504, 0.693688), (0.42512, 0.70267), (0.416424, 0.7192), (0.446373, 0.74441), (0.427886, 0.734257), (0.421449, 0.727248), (0.436551, 0.741003), (0.419692, 0.710891), (0.466391, 0.683459), (0.477432, 0.68955), (0.484816, 0.696923), (0.492737, 0.712096), (0.467691, 0.741221), (0.483924, 0.726796), (0.489074, 0.719925), (0.476727, 0.734814), (0.489963, 0.704313)]
[(0.456277, 0.69094), (0.457417, 0.746666), (0.445015, 0.689117), (0.434488, 0.697931), (0.427702, 0.707282), (0.419768, 0.723726), (0.447151, 0.74714), (0.429905, 0.737829), (0.424171, 0.731265), (0.437872, 0.744129), (0.422688, 0.715552), (0.467072, 0.686383), (0.478303, 0.692429), (0.486073, 0.69967), (0.494938, 0.714597), (0.468144, 0.743168), (0.485275, 0.728603), (0.490901, 0.721905), (0.477537, 0.736594), (0.491744, 0.706963)]
[(0.457193, 0.687737), (0.458875, 0.745286), (0.445817, 0.685817), (0.435396, 0.694408), (0.428844, 0.703807), (0.421407, 0.720758), (0.448564, 0.745429), (0.431431, 0.735069), (0.425773, 0.728329), (0.439311, 0.741858), (0.424117, 0.712234), (0.46816, 0.683295), (0.479608, 0.689335), (0.487416, 0.696583), (0.496224, 0.711285), (0.469693, 0.741937), (0.486827, 0.726464), (0.492337, 0.719088), (0.479131, 0.73511), (0.493035, 0.703709)]
[(0.450273, 0.684464), (0.449572, 0.735233), (0.439065, 0.681772), (0.428029, 0.687888), (0.420973, 0.695861), (0.413446, 0.713147), (0.439034, 0.735156), (0.422274, 0.725796), (0.417078, 0.71982), (0.429855, 0.731864), (0.415987, 0.704065), (0.460798, 0.680514), (0.470843, 0.685192), (0.477233, 0.691781), (0.483768, 0.708893), (0.45984, 0.732465), (0.475461, 0.720328), (0.480321, 0.714905), (0.468544, 0.727136), (0.481617, 0.699656)]
[(0.448713, 0.685335), (0.447693, 0.735735), (0.437641, 0.6827), (0.426534, 0.688569), (0.419404, 0.696519), (0.412071, 0.714477), (0.437111, 0.735799), (0.420507, 0.726986), (0.415456, 0.721107), (0.427989, 0.732751), (0.414446, 0.704956), (0.459045, 0.681468), (0.468759, 0.685829), (0.474922, 0.692299), (0.481153, 0.710229), (0.457798, 0.732973), (0.47311, 0.721428), (0.477852, 0.716123), (0.466344, 0.727943), (0.479152, 0.700434)]
[(0.455005, 0.692266), (0.455598, 0.746533), (0.444203, 0.691014), (0.434204, 0.700135), (0.427886, 0.709788), (0.42085, 0.727047), (0.445689, 0.747491), (0.429665, 0.73953), (0.42461, 0.733783), (0.436951, 0.745047), (0.423326, 0.718418), (0.465403, 0.687508), (0.476188, 0.69291), (0.483629, 0.699819), (0.492138, 0.715216), (0.465941, 0.742792), (0.48269, 0.728621), (0.488235, 0.722189), (0.475072, 0.736367), (0.489108, 0.707149)]
[(0.455267, 0.689621), (0.45665, 0.747739), (0.4441, 0.688304), (0.433866, 0.697108), (0.427475, 0.706793), (0.420373, 0.724797), (0.446433, 0.748279), (0.429761, 0.739166), (0.424396, 0.73251), (0.437374, 0.745369), (0.422872, 0.715653), (0.466037, 0.685513), (0.477365, 0.691389), (0.48513, 0.698827), (0.493674, 0.71476), (0.46747, 0.744217), (0.484534, 0.72957), (0.489975, 0.722475), (0.476871, 0.737689), (0.490677, 0.70647)]
[(0.452224, 0.689897), (0.452426, 0.745575), (0.440819, 0.687789), (0.430012, 0.694776), (0.423172, 0.703274), (0.415911, 0.720192), (0.441807, 0.744836), (0.42507, 0.734251), (0.419762, 0.727673), (0.432662, 0.740839), (0.418435, 0.711389), (0.463205, 0.687215), (0.474144, 0.693295), (0.481321, 0.700887), (0.488463, 0.717896), (0.463318, 0.743207), (0.479899, 0.731125), (0.485021, 0.724983), (0.472559, 0.737939), (0.486153, 0.709027)]
[(0.449688, 0.688204), (0.449155, 0.745593), (0.43828, 0.685578), (0.427356, 0.691531), (0.420479, 0.69978), (0.413566, 0.717827), (0.438447, 0.744346), (0.421918, 0.732581), (0.416938, 0.725553), (0.429338, 0.739787), (0.415859, 0.708255), (0.460821, 0.686138), (0.471615, 0.692278), (0.478404, 0.700061), (0.484546, 0.717985), (0.460099, 0.743551), (0.476424, 0.731325), (0.481294, 0.725069), (0.46928, 0.738353), (0.482765, 0.708551)]
[(0.449519, 0.689726), (0.448817, 0.744763), (0.438662, 0.687053), (0.42799, 0.691928), (0.421154, 0.69907), (0.41396, 0.715854), (0.438353, 0.743695), (0.422155, 0.731752), (0.417289, 0.724171), (0.429413, 0.739195), (0.416416, 0.706863), (0.460279, 0.687378), (0.470766, 0.692597), (0.477602, 0.699172), (0.484314, 0.715391), (0.459483, 0.742445), (0.475709, 0.729297), (0.480777, 0.722681), (0.468562, 0.736852), (0.482214, 0.706731)]
[(0.452176, 0.689901), (0.452987, 0.741895), (0.442594, 0.687985), (0.43368, 0.693466), (0.428247, 0.700505), (0.422848, 0.716151), (0.443724, 0.741104), (0.42966, 0.730087), (0.425593, 0.723226), (0.435905, 0.736891), (0.424625, 0.70768), (0.461656, 0.687243), (0.471477, 0.692828), (0.47829, 0.698931), (0.486012, 0.71336), (0.462835, 0.739466), (0.478161, 0.726298), (0.482902, 0.719908), (0.471316, 0.733821), (0.483209, 0.70565)]
[(0.451309, 0.688641), (0.452357, 0.743268), (0.442045, 0.686858), (0.433104, 0.693413), (0.427571, 0.701204), (0.422007, 0.717581), (0.443277, 0.742856), (0.429119, 0.731393), (0.42491, 0.724504), (0.435443, 0.738548), (0.42382, 0.70886), (0.460069, 0.685338), (0.468871, 0.690652), (0.474742, 0.697002), (0.481286, 0.712052), (0.461403, 0.740148), (0.474784, 0.725374), (0.478711, 0.718663), (0.468973, 0.733675), (0.478947, 0.704013)]
[(0.453829, 0.690264), (0.457294, 0.739619), (0.444403, 0.689472), (0.436147, 0.69666), (0.431123, 0.704515), (0.425848, 0.720566), (0.448106, 0.739985), (0.433448, 0.731909), (0.429012, 0.72652), (0.440084, 0.737181), (0.427668, 0.712028), (0.462769, 0.686491), (0.472365, 0.691222), (0.479177, 0.696528), (0.487462, 0.709177), (0.466669, 0.736368), (0.480828, 0.722262), (0.484967, 0.715699), (0.474609, 0.730216), (0.484274, 0.702239)]
[(0.455298, 0.68297), (0.457167, 0.732274), (0.445911, 0.68121), (0.436567, 0.688941), (0.429992, 0.696389), (0.421499, 0.71018), (0.447764, 0.732319), (0.431027, 0.722158), (0.425444, 0.716249), (0.438882, 0.728605), (0.424812, 0.703036), (0.463436, 0.67999), (0.471341, 0.686384), (0.476445, 0.692789), (0.482063, 0.704424), (0.465652, 0.729374), (0.477073, 0.715119), (0.480069, 0.709427), (0.472315, 0.723004), (0.479905, 0.698458)]
[(0.449777, 0.685575), (0.449898, 0.730875), (0.440738, 0.682292), (0.431985, 0.687802), (0.425867, 0.692326), (0.417734, 0.700292), (0.440733, 0.72951), (0.425623, 0.715365), (0.420932, 0.707557), (0.432568, 0.723958), (0.421034, 0.695983), (0.458231, 0.681857), (0.466193, 0.686885), (0.471672, 0.691761), (0.478648, 0.700794), (0.458829, 0.72824), (0.472014, 0.713546), (0.475928, 0.707202), (0.466152, 0.721526), (0.475829, 0.695988)]
[(0.443939, 0.665411), (0.445151, 0.729062), (0.435759, 0.662991), (0.428194, 0.668016), (0.423627, 0.67317), (0.41879, 0.683989), (0.436393, 0.726575), (0.423812, 0.707665), (0.420554, 0.694965), (0.429261, 0.719456), (0.420347, 0.677827), (0.452029, 0.663308), (0.460169, 0.669143), (0.465909, 0.67482), (0.473399, 0.687818), (0.454197, 0.726835), (0.467862, 0.709077), (0.471399, 0.697917), (0.461871, 0.719959), (0.470566, 0.680779)]
[(0.440935, 0.640243), (0.441142, 0.717839), (0.432292, 0.63852), (0.424576, 0.643975), (0.420156, 0.650021), (0.41632, 0.662827), (0.432159, 0.714465), (0.420205, 0.69182), (0.417624, 0.676582), (0.425127, 0.705979), (0.417322, 0.655641), (0.449359, 0.638583), (0.457401, 0.644163), (0.462594, 0.650887), (0.468416, 0.666712), (0.450205, 0.715451), (0.463558, 0.694588), (0.466696, 0.680267), (0.457828, 0.707846), (0.466365, 0.658257)]
[(0.436884, 0.636673), (0.437073, 0.713022), (0.428445, 0.634458), (0.420785, 0.639953), (0.416262, 0.64632), (0.412129, 0.660402), (0.428271, 0.710203), (0.416226, 0.688739), (0.413499, 0.673914), (0.42124, 0.702273), (0.413299, 0.652737), (0.445249, 0.634056), (0.453291, 0.639468), (0.458356, 0.646229), (0.464008, 0.662183), (0.445773, 0.7109), (0.45899, 0.6905), (0.462251, 0.675878), (0.453283, 0.703738), (0.461999, 0.653654)]
[(0.443947, 0.663032), (0.445206, 0.725628), (0.435538, 0.660294), (0.427786, 0.665529), (0.423415, 0.670699), (0.419093, 0.681408), (0.43621, 0.722791), (0.423667, 0.703253), (0.420689, 0.691572), (0.428967, 0.715184), (0.420505, 0.675353), (0.452028, 0.661244), (0.460048, 0.667993), (0.465513, 0.674487), (0.472399, 0.687554), (0.453996, 0.723777), (0.4672, 0.706555), (0.470516, 0.696673), (0.461452, 0.717114), (0.469736, 0.680637)]
[(0.454611, 0.660673), (0.459492, 0.733016), (0.446235, 0.658778), (0.439229, 0.663898), (0.436137, 0.670372), (0.435273, 0.682749), (0.450895, 0.728935), (0.439332, 0.706109), (0.436868, 0.693506), (0.444079, 0.719733), (0.434908, 0.676044), (0.462427, 0.659676), (0.470165, 0.66647), (0.475051, 0.674033), (0.479557, 0.688215), (0.467283, 0.731314), (0.47754, 0.710885), (0.479043, 0.698658), (0.47359, 0.723813), (0.478145, 0.680896)]
[(0.444236, 0.67878), (0.446191, 0.732826), (0.434406, 0.67723), (0.425185, 0.683868), (0.41961, 0.691142), (0.414299, 0.705159), (0.436701, 0.732372), (0.421616, 0.719643), (0.417247, 0.712181), (0.428355, 0.727775), (0.415899, 0.69783), (0.453223, 0.674517), (0.462031, 0.678833), (0.467629, 0.684573), (0.473632, 0.697342), (0.454963, 0.729489), (0.467887, 0.712715), (0.471351, 0.704568), (0.46233, 0.722414), (0.471474, 0.690481)]
[(0.446027, 0.690188), (0.447718, 0.739785), (0.435951, 0.689707), (0.42613, 0.697364), (0.419953, 0.705083), (0.413512, 0.719873), (0.438077, 0.740627), (0.422195, 0.731765), (0.417149, 0.726011), (0.429451, 0.737681), (0.415648, 0.712129), (0.454986, 0.685859), (0.463803, 0.689531), (0.469511, 0.694921), (0.475516, 0.708193), (0.456559, 0.735902), (0.46937, 0.721089), (0.473111, 0.714694), (0.463852, 0.729199), (0.473453, 0.700978)]
[(0.447385, 0.688523), (0.44982, 0.742177), (0.437199, 0.688128), (0.427407, 0.696322), (0.421253, 0.70487), (0.414833, 0.72158), (0.439995, 0.7431), (0.423835, 0.734416), (0.418621, 0.728346), (0.43125, 0.740248), (0.416956, 0.712929), (0.456481, 0.684981), (0.465616, 0.689723), (0.471662, 0.695868), (0.478375, 0.710638), (0.45901, 0.738503), (0.472219, 0.724076), (0.476041, 0.717526), (0.466525, 0.732042), (0.475997, 0.702738)]
[(0.447068, 0.691202), (0.449767, 0.744026), (0.437415, 0.691271), (0.428192, 0.700203), (0.422274, 0.708989), (0.415969, 0.725181), (0.440385, 0.745138), (0.424744, 0.736905), (0.419663, 0.731372), (0.431962, 0.742437), (0.418082, 0.716821), (0.455749, 0.687092), (0.464566, 0.691465), (0.470531, 0.697447), (0.47732, 0.712147), (0.458581, 0.739925), (0.471269, 0.725146), (0.47502, 0.718854), (0.465782, 0.733095), (0.474875, 0.704166)]
[(0.446249, 0.688644), (0.450889, 0.746177), (0.436272, 0.688606), (0.42704, 0.697778), (0.421288, 0.706928), (0.415549, 0.72422), (0.440977, 0.747052), (0.424562, 0.737314), (0.419286, 0.731096), (0.432125, 0.743746), (0.417329, 0.715213), (0.455207, 0.684388), (0.464498, 0.689348), (0.470878, 0.695502), (0.478696, 0.710177), (0.460078, 0.741731), (0.47294, 0.725089), (0.476575, 0.717741), (0.467463, 0.734221), (0.475645, 0.702201)]
[(0.445023, 0.68955), (0.448053, 0.745491), (0.434761, 0.689084), (0.424941, 0.697318), (0.418692, 0.70602), (0.412297, 0.723326), (0.438014, 0.746384), (0.421404, 0.736734), (0.416034, 0.730326), (0.429073, 0.74311), (0.414324, 0.714264), (0.454195, 0.685106), (0.463354, 0.689162), (0.469454, 0.694962), (0.476595, 0.7107), (0.457319, 0.741138), (0.470468, 0.725264), (0.474268, 0.718126), (0.46481, 0.733946), (0.473922, 0.702008)]
[(0.448246, 0.696987), (0.451615, 0.749554), (0.438441, 0.696034), (0.429902, 0.702792), (0.424628, 0.710085), (0.418944, 0.724625), (0.442332, 0.749984), (0.427269, 0.739208), (0.422471, 0.732116), (0.434121, 0.746212), (0.420908, 0.716955), (0.457512, 0.692214), (0.467084, 0.695519), (0.473746, 0.700302), (0.481738, 0.712915), (0.461066, 0.745313), (0.475028, 0.72833), (0.479145, 0.720597), (0.46893, 0.737651), (0.478679, 0.705914)]
[(0.44893, 0.7015), (0.452509, 0.753544), (0.439483, 0.701036), (0.431611, 0.708887), (0.427055, 0.717414), (0.422606, 0.732893), (0.443748, 0.753712), (0.43002, 0.744374), (0.42578, 0.738872), (0.436186, 0.750303), (0.423967, 0.725066), (0.458479, 0.69719), (0.469292, 0.70181), (0.476999, 0.707574), (0.486177, 0.720244), (0.462314, 0.749911), (0.477969, 0.73438), (0.482913, 0.727221), (0.470907, 0.742973), (0.48278, 0.713435)]
[(0.447506, 0.705068), (0.450323, 0.754415), (0.438082, 0.703136), (0.430024, 0.709924), (0.425072, 0.717719), (0.419651, 0.732209), (0.441647, 0.754135), (0.427617, 0.744726), (0.42311, 0.738871), (0.434016, 0.750725), (0.421578, 0.72483), (0.456945, 0.700628), (0.467154, 0.705649), (0.474342, 0.711734), (0.482874, 0.725151), (0.459689, 0.751547), (0.474688, 0.738103), (0.479511, 0.731753), (0.467948, 0.745607), (0.479654, 0.718046)]
[(0.447627, 0.706435), (0.449145, 0.754505), (0.436982, 0.703182), (0.427009, 0.709687), (0.42061, 0.717585), (0.413449, 0.732132), (0.439363, 0.753821), (0.422941, 0.744085), (0.417502, 0.738387), (0.430552, 0.750214), (0.416021, 0.72476), (0.457725, 0.702051), (0.467967, 0.707769), (0.474742, 0.714828), (0.482083, 0.729806), (0.458887, 0.752515), (0.47405, 0.741201), (0.478732, 0.735643), (0.467357, 0.747728), (0.479464, 0.722085)]
[(0.444468, 0.711337), (0.44607, 0.756266), (0.433587, 0.70789), (0.42345, 0.714356), (0.416972, 0.722228), (0.409704, 0.736276), (0.436157, 0.755342), (0.419453, 0.746606), (0.413902, 0.74176), (0.427214, 0.751995), (0.412333, 0.729229), (0.454919, 0.707465), (0.465631, 0.71386), (0.472707, 0.721122), (0.480461, 0.735241), (0.456146, 0.754802), (0.471968, 0.745215), (0.476854, 0.740412), (0.464984, 0.750821), (0.477637, 0.728096)]
[(0.442954, 0.714012), (0.443984, 0.754059), (0.432082, 0.711222), (0.421563, 0.718015), (0.414732, 0.725948), (0.406911, 0.739997), (0.434121, 0.753269), (0.417127, 0.747086), (0.411293, 0.743923), (0.425074, 0.750822), (0.409751, 0.732933), (0.453185, 0.710807), (0.463586, 0.717463), (0.470483, 0.724799), (0.478069, 0.738652), (0.453839, 0.752991), (0.469456, 0.746225), (0.474339, 0.742741), (0.462519, 0.750184), (0.475303, 0.731734)]
[(0.447197, 0.714704), (0.447928, 0.755827), (0.436681, 0.711936), (0.426529, 0.719166), (0.419817, 0.727531), (0.41188, 0.742001), (0.438457, 0.755298), (0.421809, 0.748941), (0.416108, 0.745807), (0.4296, 0.752901), (0.414819, 0.734907), (0.457155, 0.71151), (0.466985, 0.718675), (0.473083, 0.726758), (0.479161, 0.741225), (0.457431, 0.754637), (0.471789, 0.747606), (0.476, 0.744608), (0.465566, 0.751577), (0.477044, 0.734174)]
[(0.446197, 0.718608), (0.446671, 0.757473), (0.435556, 0.715275), (0.424984, 0.722228), (0.417782, 0.730113), (0.409094, 0.743631), (0.437029, 0.756377), (0.419806, 0.750145), (0.41373, 0.747367), (0.42793, 0.753783), (0.412431, 0.736985), (0.456106, 0.715692), (0.465564, 0.723018), (0.471537, 0.730883), (0.477779, 0.744583), (0.455883, 0.756956), (0.470252, 0.751227), (0.474532, 0.748213), (0.46396, 0.754739), (0.475544, 0.73786)]
[(0.447544, 0.719615), (0.447359, 0.755681), (0.4372, 0.716668), (0.426922, 0.723496), (0.419889, 0.730908), (0.411304, 0.743335), (0.438069, 0.754895), (0.421485, 0.749481), (0.415726, 0.746869), (0.429304, 0.752743), (0.414652, 0.737214), (0.457168, 0.716948), (0.466284, 0.723823), (0.472117, 0.73115), (0.478374, 0.743716), (0.456269, 0.755104), (0.470594, 0.749859), (0.475008, 0.74718), (0.464227, 0.753045), (0.476122, 0.737549)]
[(0.444875, 0.714806), (0.444826, 0.749398), (0.434607, 0.711594), (0.424609, 0.717604), (0.417985, 0.724639), (0.410164, 0.73713), (0.435661, 0.748532), (0.419725, 0.74365), (0.414284, 0.74088), (0.427197, 0.74667), (0.413112, 0.730811), (0.45476, 0.712202), (0.464472, 0.718846), (0.470948, 0.725995), (0.478201, 0.739347), (0.454091, 0.74909), (0.469442, 0.745143), (0.474412, 0.742791), (0.4625, 0.74762), (0.475552, 0.73268)]
[(0.442047, 0.711218), (0.441847, 0.74779), (0.432129, 0.708372), (0.422453, 0.715118), (0.416229, 0.722954), (0.409239, 0.73645), (0.432809, 0.747158), (0.417755, 0.742997), (0.412858, 0.740173), (0.424725, 0.745671), (0.411741, 0.729763), (0.451744, 0.708848), (0.461702, 0.716145), (0.468491, 0.723839), (0.476239, 0.738076), (0.451202, 0.747554), (0.467048, 0.743997), (0.472309, 0.741562), (0.459781, 0.746319), (0.473471, 0.731071)]
[(0.445991, 0.705051), (0.44437, 0.748825), (0.436091, 0.702667), (0.425858, 0.709652), (0.419228, 0.717451), (0.412119, 0.731031), (0.435003, 0.748106), (0.419924, 0.740372), (0.415326, 0.735802), (0.426778, 0.745232), (0.414576, 0.724261), (0.455544, 0.702616), (0.4651, 0.709529), (0.471289, 0.717329), (0.477486, 0.731991), (0.453732, 0.747572), (0.468872, 0.739775), (0.47381, 0.736155), (0.462032, 0.744224), (0.475589, 0.724822)]
[(0.454744, 0.691285), (0.453796, 0.741935), (0.445095, 0.6897), (0.436046, 0.696033), (0.430473, 0.70255), (0.424106, 0.715113), (0.444579, 0.740789), (0.4307, 0.729202), (0.426796, 0.722077), (0.436862, 0.736399), (0.426506, 0.708485), (0.464267, 0.68954), (0.474219, 0.695715), (0.481177, 0.702092), (0.488799, 0.714478), (0.463882, 0.740179), (0.48017, 0.727706), (0.485332, 0.721242), (0.472727, 0.734968), (0.486179, 0.70822)]
[(0.455038, 0.682148), (0.456644, 0.732658), (0.445971, 0.680446), (0.438068, 0.685828), (0.43322, 0.691502), (0.427859, 0.703483), (0.447867, 0.731315), (0.434435, 0.718498), (0.430592, 0.710889), (0.440415, 0.726357), (0.429841, 0.69693), (0.46406, 0.679987), (0.473702, 0.685334), (0.480598, 0.690259), (0.488852, 0.70038), (0.466232, 0.730513), (0.48131, 0.715499), (0.485917, 0.707882), (0.47454, 0.724239), (0.485742, 0.694935)]
[(0.455392, 0.681371), (0.458352, 0.729526), (0.446561, 0.680568), (0.43892, 0.68673), (0.434204, 0.69285), (0.42901, 0.705424), (0.449783, 0.729197), (0.436185, 0.718671), (0.432064, 0.712082), (0.442323, 0.725279), (0.430892, 0.6986), (0.463706, 0.678485), (0.472615, 0.683021), (0.478954, 0.68761), (0.486695, 0.697804), (0.467172, 0.726656), (0.48045, 0.711957), (0.48435, 0.704828), (0.474609, 0.720331), (0.483715, 0.692234)]
[(0.458437, 0.678917), (0.464463, 0.730278), (0.449806, 0.679137), (0.44308, 0.686266), (0.43939, 0.69311), (0.436, 0.706826), (0.455794, 0.729683), (0.442559, 0.719005), (0.438784, 0.712919), (0.448428, 0.725456), (0.437132, 0.699318), (0.46676, 0.675777), (0.476317, 0.680115), (0.483448, 0.684087), (0.492688, 0.693849), (0.473452, 0.727125), (0.487114, 0.710564), (0.490816, 0.701937), (0.481115, 0.720289), (0.488944, 0.688325)]
[(0.454954, 0.673634), (0.458598, 0.728215), (0.445392, 0.673637), (0.43693, 0.68143), (0.431752, 0.689263), (0.426429, 0.705114), (0.449142, 0.728412), (0.434126, 0.718493), (0.429586, 0.711929), (0.440928, 0.724916), (0.428196, 0.696668), (0.46374, 0.670586), (0.472985, 0.67589), (0.479468, 0.681382), (0.487448, 0.694867), (0.467903, 0.72478), (0.481505, 0.709579), (0.485278, 0.702146), (0.47559, 0.718257), (0.484322, 0.687558)]
[(0.455865, 0.681857), (0.459042, 0.739509), (0.446293, 0.682045), (0.438151, 0.69103), (0.433297, 0.699956), (0.428005, 0.716242), (0.450073, 0.740082), (0.435826, 0.730018), (0.431377, 0.723377), (0.442265, 0.736619), (0.429858, 0.707887), (0.46521, 0.678126), (0.475408, 0.683204), (0.482626, 0.688943), (0.491172, 0.701494), (0.468739, 0.735103), (0.483602, 0.717582), (0.488224, 0.709543), (0.476942, 0.727131), (0.488009, 0.694754)]
[(0.454295, 0.694557), (0.456341, 0.739668), (0.444258, 0.69423), (0.435636, 0.702071), (0.430535, 0.7105), (0.42518, 0.726356), (0.447261, 0.740548), (0.432984, 0.735379), (0.428618, 0.731363), (0.439372, 0.739102), (0.426951, 0.718342), (0.464809, 0.690403), (0.476491, 0.695332), (0.484669, 0.701339), (0.494324, 0.715073), (0.46682, 0.736438), (0.484314, 0.725299), (0.490243, 0.720561), (0.476267, 0.731132), (0.490871, 0.707754)]
[(0.446298, 0.696059), (0.44777, 0.740327), (0.435252, 0.694387), (0.424706, 0.70255), (0.418125, 0.711576), (0.410952, 0.727753), (0.437741, 0.740414), (0.420851, 0.735339), (0.41519, 0.732008), (0.428653, 0.738632), (0.413421, 0.719775), (0.456964, 0.692671), (0.468117, 0.699157), (0.475386, 0.706605), (0.483151, 0.721427), (0.458015, 0.73853), (0.474264, 0.730196), (0.479392, 0.726092), (0.467019, 0.734848), (0.480482, 0.713935)]
[(0.441345, 0.704303), (0.443783, 0.74846), (0.4302, 0.702298), (0.41957, 0.710214), (0.412697, 0.719149), (0.404986, 0.734817), (0.433458, 0.748496), (0.415586, 0.742671), (0.409513, 0.739196), (0.42395, 0.746374), (0.407738, 0.727095), (0.451662, 0.700025), (0.462317, 0.705727), (0.46926, 0.71286), (0.476628, 0.72694), (0.453725, 0.746689), (0.46898, 0.737229), (0.473429, 0.732179), (0.462354, 0.742747), (0.474014, 0.719777)]
[(0.450099, 0.704455), (0.450732, 0.743787), (0.438938, 0.702384), (0.427717, 0.711482), (0.420313, 0.721198), (0.411698, 0.737465), (0.440777, 0.744152), (0.42281, 0.741419), (0.416483, 0.740069), (0.4313, 0.743282), (0.414883, 0.72961), (0.460045, 0.700749), (0.469666, 0.707474), (0.47561, 0.715657), (0.481289, 0.73064), (0.459924, 0.742396), (0.473999, 0.736593), (0.478174, 0.734037), (0.46787, 0.73983), (0.479437, 0.723287)]
[(0.451027, 0.705688), (0.45174, 0.745148), (0.440244, 0.703208), (0.429682, 0.711817), (0.422615, 0.720968), (0.414244, 0.735911), (0.442149, 0.74528), (0.424813, 0.741149), (0.41881, 0.739043), (0.432983, 0.743908), (0.417434, 0.728745), (0.460909, 0.701931), (0.470406, 0.708718), (0.476302, 0.716595), (0.482199, 0.730166), (0.460954, 0.743634), (0.474983, 0.736596), (0.479097, 0.733719), (0.468883, 0.740474), (0.480139, 0.723558)]
[(0.446929, 0.702538), (0.448729, 0.74292), (0.436001, 0.70062), (0.425528, 0.708955), (0.418712, 0.717886), (0.410885, 0.732874), (0.438884, 0.743016), (0.42156, 0.73855), (0.415519, 0.736213), (0.42968, 0.741409), (0.413765, 0.725584), (0.457058, 0.698471), (0.467165, 0.704565), (0.473629, 0.711849), (0.480326, 0.725592), (0.458271, 0.741086), (0.472689, 0.733032), (0.476995, 0.729586), (0.466452, 0.737414), (0.477936, 0.718731)]
[(0.446397, 0.70141), (0.448036, 0.741646), (0.435331, 0.699869), (0.42451, 0.708567), (0.41754, 0.717735), (0.409564, 0.733263), (0.438048, 0.741894), (0.420435, 0.738197), (0.414258, 0.73627), (0.428705, 0.74054), (0.412452, 0.725709), (0.456547, 0.697678), (0.466643, 0.70378), (0.472999, 0.711194), (0.479367, 0.725603), (0.457554, 0.739803), (0.471785, 0.732366), (0.476048, 0.729322), (0.465656, 0.736337), (0.477178, 0.718391)]
[(0.448575, 0.703947), (0.450089, 0.74297), (0.437977, 0.702316), (0.427594, 0.710751), (0.420814, 0.719692), (0.413059, 0.734733), (0.44051, 0.743305), (0.42354, 0.739634), (0.417608, 0.737733), (0.431521, 0.742047), (0.415886, 0.727414), (0.458353, 0.700141), (0.467961, 0.706016), (0.474065, 0.713092), (0.480365, 0.726713), (0.459222, 0.74107), (0.472939, 0.733468), (0.477106, 0.730462), (0.467012, 0.737505), (0.478149, 0.719856)]
[(0.447381, 0.703513), (0.449786, 0.744666), (0.436637, 0.701663), (0.426539, 0.710265), (0.420091, 0.719677), (0.412907, 0.735688), (0.440048, 0.744938), (0.423128, 0.740801), (0.41733, 0.738741), (0.431032, 0.743462), (0.415461, 0.72789), (0.45748, 0.699201), (0.467908, 0.705283), (0.474709, 0.712498), (0.482001, 0.726266), (0.459402, 0.742652), (0.474122, 0.734002), (0.478586, 0.730295), (0.467717, 0.738733), (0.479363, 0.719329)]
[(0.447769, 0.701636), (0.450393, 0.743331), (0.436944, 0.699761), (0.426833, 0.70798), (0.420395, 0.717052), (0.413222, 0.732768), (0.44055, 0.74354), (0.423491, 0.738622), (0.417635, 0.736166), (0.431455, 0.741727), (0.415766, 0.725038), (0.45781, 0.697202), (0.46813, 0.70284), (0.4749, 0.709542), (0.482109, 0.72279), (0.460046, 0.741085), (0.474559, 0.73137), (0.478863, 0.727185), (0.46831, 0.736704), (0.479491, 0.716046)]
[(0.451944, 0.697702), (0.454777, 0.743815), (0.441014, 0.695441), (0.43089, 0.703735), (0.424523, 0.713082), (0.417456, 0.729194), (0.444954, 0.7437), (0.427836, 0.736788), (0.421942, 0.733354), (0.435825, 0.741111), (0.419963, 0.721392), (0.462237, 0.693224), (0.472797, 0.699249), (0.479614, 0.706696), (0.486671, 0.721175), (0.464512, 0.741701), (0.479206, 0.730863), (0.483506, 0.726044), (0.472878, 0.736979), (0.484167, 0.713922)]
[(0.44859, 0.702454), (0.451041, 0.74442), (0.437423, 0.7002), (0.426898, 0.707864), (0.420198, 0.716814), (0.41273, 0.732743), (0.440846, 0.744292), (0.423297, 0.739071), (0.417294, 0.736336), (0.431481, 0.742314), (0.415377, 0.72488), (0.459047, 0.698545), (0.469764, 0.7047), (0.476685, 0.711976), (0.483839, 0.726279), (0.461089, 0.742675), (0.47615, 0.734172), (0.480548, 0.730331), (0.469675, 0.738925), (0.481327, 0.719049)]
[(0.449479, 0.705131), (0.451762, 0.745986), (0.438543, 0.702914), (0.428385, 0.711052), (0.421908, 0.720153), (0.414733, 0.735648), (0.441927, 0.745976), (0.424912, 0.741234), (0.419123, 0.738928), (0.432851, 0.744216), (0.417289, 0.728062), (0.459844, 0.700798), (0.470492, 0.706908), (0.477422, 0.714076), (0.484864, 0.72759), (0.4616, 0.744078), (0.476782, 0.735426), (0.481369, 0.731685), (0.470161, 0.740202), (0.482135, 0.720789)]
[(0.450183, 0.707551), (0.452594, 0.747618), (0.43947, 0.705463), (0.429595, 0.713701), (0.423231, 0.722721), (0.415963, 0.738004), (0.442859, 0.747868), (0.42603, 0.743322), (0.42031, 0.741106), (0.43388, 0.746223), (0.418623, 0.73056), (0.460174, 0.70266), (0.470361, 0.70822), (0.477017, 0.714906), (0.484328, 0.727698), (0.462173, 0.745322), (0.4767, 0.735818), (0.48103, 0.731849), (0.470414, 0.740981), (0.481579, 0.721236)]
[(0.449567, 0.708655), (0.452259, 0.749613), (0.43854, 0.706401), (0.428479, 0.714106), (0.422096, 0.723089), (0.415008, 0.73913), (0.442168, 0.749722), (0.425021, 0.744919), (0.419302, 0.742494), (0.432977, 0.747914), (0.417541, 0.73121), (0.459917, 0.703865), (0.47055, 0.709327), (0.47753, 0.715962), (0.485221, 0.729262), (0.462278, 0.747458), (0.477486, 0.737959), (0.481933, 0.733659), (0.470914, 0.743242), (0.482362, 0.722449)]
[(0.452001, 0.708334), (0.454794, 0.750556), (0.441073, 0.705622), (0.431063, 0.713106), (0.42463, 0.721805), (0.417323, 0.737061), (0.444855, 0.750413), (0.4277, 0.744143), (0.421832, 0.74106), (0.435725, 0.748031), (0.42, 0.729539), (0.462221, 0.703417), (0.472653, 0.708925), (0.479529, 0.715586), (0.487074, 0.728754), (0.4646, 0.748379), (0.47941, 0.738072), (0.483801, 0.733546), (0.473025, 0.743806), (0.484253, 0.722023)]
[(0.454279, 0.709337), (0.45707, 0.753283), (0.443323, 0.706622), (0.433364, 0.71413), (0.427064, 0.723017), (0.420145, 0.73847), (0.447263, 0.753038), (0.43034, 0.746086), (0.424561, 0.742724), (0.438241, 0.750393), (0.422617, 0.730898), (0.46472, 0.704627), (0.475424, 0.710437), (0.482476, 0.717373), (0.49018, 0.73078), (0.466941, 0.751096), (0.482111, 0.740363), (0.486722, 0.735693), (0.475517, 0.746362), (0.487316, 0.723989)]
[(0.454431, 0.71211), (0.456489, 0.75399), (0.443708, 0.709799), (0.43363, 0.717938), (0.427089, 0.726912), (0.419718, 0.742034), (0.446756, 0.754024), (0.429828, 0.748564), (0.42407, 0.745741), (0.437748, 0.752038), (0.4224, 0.734658), (0.464401, 0.707571), (0.47437, 0.713613), (0.480852, 0.720589), (0.487937, 0.733758), (0.465964, 0.751863), (0.480397, 0.742377), (0.484682, 0.738239), (0.474138, 0.747619), (0.485274, 0.727163)]
[(0.457791, 0.709314), (0.46028, 0.754558), (0.446509, 0.707008), (0.436074, 0.715562), (0.429461, 0.725046), (0.422005, 0.741138), (0.450195, 0.754625), (0.432653, 0.748546), (0.426623, 0.745317), (0.440868, 0.752451), (0.424696, 0.733343), (0.468356, 0.705011), (0.479144, 0.711379), (0.486141, 0.718966), (0.49339, 0.733316), (0.470224, 0.752496), (0.485437, 0.742514), (0.490019, 0.738095), (0.478838, 0.748103), (0.490827, 0.72617)]
[(0.457205, 0.714282), (0.460091, 0.757272), (0.446041, 0.712223), (0.435922, 0.720241), (0.429515, 0.729137), (0.422394, 0.74432), (0.450079, 0.75753), (0.432761, 0.751643), (0.426875, 0.748429), (0.440841, 0.755513), (0.424958, 0.736932), (0.467876, 0.70943), (0.478787, 0.714883), (0.485968, 0.721482), (0.493878, 0.734302), (0.470223, 0.754786), (0.485702, 0.743892), (0.490361, 0.739205), (0.478982, 0.749894), (0.4909, 0.727821)]
[(0.452853, 0.714198), (0.45582, 0.757396), (0.441278, 0.712935), (0.430503, 0.72195), (0.423676, 0.731532), (0.416061, 0.747837), (0.445216, 0.758077), (0.42692, 0.753297), (0.420703, 0.750959), (0.435426, 0.756393), (0.418752, 0.739902), (0.463575, 0.709132), (0.474639, 0.7146), (0.481882, 0.72151), (0.489816, 0.735353), (0.466178, 0.754607), (0.481731, 0.743911), (0.486341, 0.739619), (0.474995, 0.749643), (0.486879, 0.728328)]
[(0.462932, 0.717408), (0.464086, 0.760338), (0.451593, 0.716178), (0.440453, 0.72577), (0.433048, 0.735383), (0.424021, 0.751234), (0.453949, 0.761467), (0.435375, 0.757212), (0.428929, 0.754706), (0.444152, 0.760255), (0.427478, 0.743614), (0.472843, 0.71303), (0.4824, 0.718603), (0.488199, 0.725862), (0.493399, 0.739404), (0.473526, 0.757309), (0.48695, 0.747095), (0.4907, 0.743444), (0.481241, 0.752386), (0.491782, 0.732646)]
[(0.471645, 0.715685), (0.4716, 0.760159), (0.460128, 0.71437), (0.448275, 0.72498), (0.440099, 0.73511), (0.429775, 0.751055), (0.461311, 0.7614), (0.441846, 0.757433), (0.434956, 0.754711), (0.451138, 0.760478), (0.433792, 0.743565), (0.481337, 0.711588), (0.490341, 0.718148), (0.495506, 0.726478), (0.499507, 0.741079), (0.480771, 0.75743), (0.493662, 0.748325), (0.497101, 0.744959), (0.488215, 0.7531), (0.498461, 0.734067)]
[(0.466809, 0.715687), (0.46799, 0.75829), (0.455143, 0.71453), (0.443866, 0.724061), (0.436602, 0.733902), (0.428249, 0.750658), (0.45765, 0.759467), (0.439155, 0.755725), (0.432885, 0.753598), (0.447819, 0.75845), (0.43131, 0.742493), (0.477141, 0.710953), (0.487103, 0.716403), (0.493103, 0.72383), (0.49866, 0.738212), (0.477751, 0.755371), (0.491929, 0.745536), (0.495854, 0.741992), (0.485867, 0.750666), (0.496843, 0.73099)]
[(0.467124, 0.716808), (0.46876, 0.759417), (0.45533, 0.715974), (0.444127, 0.725596), (0.437076, 0.735609), (0.42915, 0.752974), (0.458258, 0.760841), (0.439763, 0.757666), (0.433629, 0.755729), (0.448374, 0.760081), (0.431991, 0.744452), (0.477709, 0.711926), (0.488062, 0.717065), (0.494333, 0.724249), (0.50027, 0.738685), (0.478823, 0.75622), (0.493429, 0.746011), (0.497436, 0.742406), (0.487196, 0.751291), (0.498299, 0.731326)]
[(0.469434, 0.719404), (0.471337, 0.761387), (0.457569, 0.718263), (0.446327, 0.727555), (0.439206, 0.737364), (0.431048, 0.754472), (0.460756, 0.762714), (0.442021, 0.759533), (0.435717, 0.75748), (0.450776, 0.76194), (0.434027, 0.746057), (0.480033, 0.714449), (0.490462, 0.719462), (0.496865, 0.726414), (0.503144, 0.740231), (0.481463, 0.758272), (0.49621, 0.748058), (0.500262, 0.744226), (0.489914, 0.753415), (0.500985, 0.733159)]
[(0.470901, 0.726397), (0.473216, 0.765162), (0.459514, 0.725487), (0.448716, 0.734198), (0.441656, 0.743014), (0.433376, 0.758015), (0.462975, 0.766392), (0.444463, 0.763325), (0.438144, 0.761162), (0.453208, 0.765673), (0.436471, 0.750712), (0.481104, 0.721483), (0.49113, 0.725719), (0.497358, 0.731621), (0.503719, 0.74355), (0.482878, 0.762119), (0.497042, 0.75204), (0.500935, 0.747909), (0.490986, 0.757428), (0.50147, 0.737384)]
[(0.469613, 0.720389), (0.472342, 0.761774), (0.458093, 0.719514), (0.447223, 0.728753), (0.440243, 0.738194), (0.432134, 0.754189), (0.461876, 0.762948), (0.44326, 0.759288), (0.436876, 0.757205), (0.452005, 0.761885), (0.435092, 0.746368), (0.479981, 0.715155), (0.490343, 0.719682), (0.496931, 0.725857), (0.503802, 0.738744), (0.482286, 0.758503), (0.496731, 0.747396), (0.500791, 0.743089), (0.490592, 0.753286), (0.501312, 0.732062)]
[(0.473437, 0.722201), (0.476157, 0.764248), (0.461909, 0.721638), (0.451233, 0.731291), (0.44445, 0.740975), (0.436621, 0.757231), (0.465772, 0.765645), (0.447463, 0.7623), (0.441269, 0.760256), (0.456023, 0.764811), (0.439483, 0.749262), (0.48391, 0.716858), (0.494442, 0.721437), (0.501111, 0.72777), (0.507867, 0.740602), (0.486197, 0.760752), (0.500773, 0.749304), (0.504855, 0.744984), (0.494571, 0.755301), (0.505451, 0.733968)]
[(0.476007, 0.721365), (0.479247, 0.767176), (0.46458, 0.720584), (0.454247, 0.730639), (0.447768, 0.740755), (0.440328, 0.757395), (0.469037, 0.768451), (0.451048, 0.763561), (0.444963, 0.760896), (0.459435, 0.767), (0.443037, 0.749387), (0.486504, 0.71591), (0.497404, 0.721114), (0.504405, 0.727943), (0.511622, 0.740979), (0.489392, 0.763491), (0.504225, 0.750593), (0.508487, 0.745742), (0.497871, 0.757393), (0.509031, 0.734386)]
[(0.478189, 0.715881), (0.482182, 0.765696), (0.466247, 0.714529), (0.45535, 0.724858), (0.448539, 0.73572), (0.440953, 0.754168), (0.471611, 0.767016), (0.452676, 0.761552), (0.446031, 0.758407), (0.461611, 0.765362), (0.443611, 0.745294), (0.488734, 0.709748), (0.499781, 0.714989), (0.506917, 0.722193), (0.514078, 0.736997), (0.492303, 0.761858), (0.506903, 0.747973), (0.511101, 0.742499), (0.500693, 0.755416), (0.511617, 0.729425)]
[(0.482034, 0.717234), (0.486901, 0.767376), (0.470342, 0.715728), (0.460044, 0.726132), (0.453497, 0.737003), (0.44583, 0.755211), (0.476649, 0.768638), (0.457856, 0.763057), (0.451132, 0.75978), (0.466794, 0.766971), (0.448655, 0.746558), (0.492489, 0.711318), (0.503617, 0.716656), (0.510923, 0.724044), (0.518223, 0.738278), (0.496885, 0.763745), (0.511244, 0.749631), (0.515371, 0.744042), (0.50516, 0.757225), (0.515712, 0.73109)]
[(0.482017, 0.714225), (0.486777, 0.768268), (0.470284, 0.712987), (0.460075, 0.72366), (0.453669, 0.734899), (0.44635, 0.754247), (0.476556, 0.769682), (0.458016, 0.763432), (0.451462, 0.759502), (0.466794, 0.767844), (0.449002, 0.744952), (0.492582, 0.708024), (0.503833, 0.71298), (0.51123, 0.720243), (0.518561, 0.735299), (0.496835, 0.764266), (0.511443, 0.748624), (0.51568, 0.742021), (0.505191, 0.757153), (0.516071, 0.727526)]
[(0.502831, 0.718796), (0.504158, 0.767655), (0.491464, 0.719371), (0.479778, 0.730707), (0.471728, 0.740817), (0.461838, 0.757716), (0.493191, 0.769823), (0.473481, 0.765282), (0.466811, 0.761845), (0.482725, 0.768838), (0.465574, 0.749416), (0.512531, 0.713791), (0.521759, 0.718326), (0.527435, 0.725182), (0.53219, 0.740663), (0.513558, 0.763352), (0.526489, 0.75051), (0.529992, 0.745648), (0.521015, 0.75711), (0.530988, 0.732455)]
[(0.499352, 0.720873), (0.501657, 0.774365), (0.488489, 0.720991), (0.478102, 0.73331), (0.471078, 0.744332), (0.462141, 0.761963), (0.491601, 0.776427), (0.473059, 0.770487), (0.466836, 0.766443), (0.481778, 0.774968), (0.465614, 0.753486), (0.508761, 0.716075), (0.518174, 0.722022), (0.524039, 0.730064), (0.529145, 0.745569), (0.510839, 0.770032), (0.523556, 0.755795), (0.526986, 0.750631), (0.518176, 0.763173), (0.527705, 0.737715)]
[(0.508975, 0.726658), (0.509908, 0.779647), (0.497702, 0.726989), (0.485814, 0.740312), (0.477264, 0.751719), (0.465841, 0.769272), (0.499032, 0.782036), (0.478245, 0.777027), (0.471075, 0.773339), (0.488157, 0.78102), (0.470413, 0.760969), (0.517752, 0.722596), (0.525829, 0.729174), (0.5306, 0.737576), (0.534087, 0.752705), (0.51867, 0.775325), (0.529812, 0.762002), (0.532515, 0.757343), (0.52524, 0.768841), (0.533345, 0.745246)]
[(0.501834, 0.726451), (0.503211, 0.783354), (0.490724, 0.726754), (0.479579, 0.740975), (0.471677, 0.753019), (0.46072, 0.770616), (0.492872, 0.785641), (0.472787, 0.779389), (0.465843, 0.77517), (0.482372, 0.784172), (0.465226, 0.762554), (0.51086, 0.72274), (0.519607, 0.730312), (0.524619, 0.739603), (0.527742, 0.754691), (0.512228, 0.778769), (0.523459, 0.764024), (0.526142, 0.759208), (0.518896, 0.771479), (0.527208, 0.74757)]
[(0.497616, 0.717072), (0.500862, 0.775019), (0.486167, 0.717803), (0.475588, 0.731787), (0.468696, 0.744297), (0.460248, 0.763566), (0.49055, 0.777268), (0.47144, 0.771545), (0.465023, 0.767807), (0.48042, 0.775926), (0.463499, 0.754549), (0.5077, 0.712548), (0.518061, 0.719337), (0.524371, 0.72796), (0.52958, 0.742719), (0.510608, 0.770484), (0.523967, 0.754338), (0.527406, 0.74831), (0.518336, 0.762885), (0.528133, 0.73546)]
[(0.499572, 0.719508), (0.504291, 0.779157), (0.488243, 0.720096), (0.478188, 0.734108), (0.47183, 0.746542), (0.464327, 0.765919), (0.493857, 0.781331), (0.475087, 0.774155), (0.468926, 0.770118), (0.483875, 0.779247), (0.467131, 0.756688), (0.509418, 0.713439), (0.519945, 0.71928), (0.526755, 0.726976), (0.533805, 0.741461), (0.513988, 0.77409), (0.527742, 0.755549), (0.531467, 0.748147), (0.521871, 0.765597), (0.531403, 0.733932)]
[(0.495418, 0.714275), (0.501375, 0.779008), (0.483892, 0.715544), (0.474316, 0.730762), (0.468827, 0.743988), (0.462938, 0.76474), (0.491014, 0.781518), (0.472929, 0.773775), (0.467217, 0.769322), (0.481285, 0.779309), (0.464985, 0.754826), (0.505869, 0.707181), (0.517503, 0.712842), (0.525199, 0.720803), (0.533349, 0.736226), (0.511558, 0.773284), (0.526621, 0.752204), (0.53073, 0.743788), (0.520066, 0.763711), (0.530479, 0.728167)]
[(0.494596, 0.711128), (0.501097, 0.776764), (0.48268, 0.71327), (0.472876, 0.728607), (0.467289, 0.741798), (0.461503, 0.762492), (0.490311, 0.779679), (0.471827, 0.772388), (0.465913, 0.767598), (0.480351, 0.777729), (0.463462, 0.752449), (0.505479, 0.704003), (0.517396, 0.708907), (0.525493, 0.716097), (0.534414, 0.7308), (0.511892, 0.770623), (0.527726, 0.748497), (0.53188, 0.73929), (0.520836, 0.760616), (0.531136, 0.722957)]
[(0.495411, 0.714922), (0.501398, 0.776606), (0.483646, 0.716759), (0.473925, 0.732193), (0.468091, 0.745052), (0.461343, 0.764809), (0.490917, 0.779778), (0.472146, 0.77352), (0.466008, 0.769348), (0.480908, 0.778332), (0.463852, 0.755307), (0.505866, 0.707482), (0.517087, 0.712145), (0.524626, 0.71917), (0.532523, 0.733166), (0.511594, 0.770607), (0.526372, 0.749394), (0.530178, 0.740942), (0.519987, 0.760953), (0.529699, 0.725701)]
[(0.496084, 0.710166), (0.502989, 0.773875), (0.484061, 0.711849), (0.473974, 0.727875), (0.467959, 0.741611), (0.461413, 0.763175), (0.492415, 0.776853), (0.472934, 0.771213), (0.466404, 0.767489), (0.482095, 0.77563), (0.463701, 0.753011), (0.506562, 0.703178), (0.518019, 0.708799), (0.525481, 0.716981), (0.532932, 0.732605), (0.513027, 0.768302), (0.527258, 0.748115), (0.5308, 0.740084), (0.521184, 0.759195), (0.530417, 0.724548)]
