[(0.431787, 0.761516), (0.436172, 0.792359), (0.422327, 0.762311), (0.413872, 0.766152), (0.408899, 0.768339), (0.402807, 0.772628), (0.42695, 0.792997), (0.411355, 0.78241), (0.406515, 0.77731), (0.418451, 0.788546), (0.404878, 0.770237), (0.440415, 0.755009), (0.448364, 0.75204), (0.452829, 0.750608), (0.45879, 0.750577), (0.444493, 0.786159), (0.454943, 0.765879), (0.457062, 0.757685), (0.450834, 0.776396), (0.456409, 0.749663)]
[(0.416475, 0.768985), (0.417961, 0.793137), (0.407009, 0.768618), (0.398021, 0.771189), (0.392502, 0.772626), (0.385853, 0.775762), (0.40856, 0.79296), (0.393681, 0.783607), (0.389197, 0.779447), (0.400237, 0.788872), (0.388246, 0.773897), (0.425105, 0.764759), (0.432773, 0.763337), (0.436834, 0.762797), (0.442144, 0.763265), (0.426451, 0.789019), (0.437512, 0.774234), (0.440055, 0.768363), (0.433115, 0.781912), (0.440112, 0.762377)]
[(0.409493, 0.77775), (0.408818, 0.801044), (0.399851, 0.776823), (0.390227, 0.778639), (0.384228, 0.779396), (0.376772, 0.781381), (0.399302, 0.800263), (0.384416, 0.789712), (0.380014, 0.78524), (0.39095, 0.795525), (0.379435, 0.77997), (0.418129, 0.774082), (0.425464, 0.772818), (0.429152, 0.772375), (0.433992, 0.773221), (0.417319, 0.797401), (0.428711, 0.783476), (0.431542, 0.778021), (0.424073, 0.790717), (0.432242, 0.772097)]
[(0.410078, 0.773383), (0.409855, 0.794145), (0.400434, 0.773072), (0.390927, 0.775531), (0.385066, 0.776886), (0.378091, 0.779477), (0.400265, 0.793969), (0.385571, 0.785923), (0.381287, 0.782464), (0.391953, 0.790429), (0.380605, 0.777909), (0.419034, 0.769844), (0.426899, 0.768814), (0.430934, 0.768569), (0.436285, 0.769213), (0.418676, 0.790626), (0.43066, 0.778181), (0.433713, 0.773388), (0.425753, 0.78457), (0.434295, 0.768312)]
[(0.409783, 0.769156), (0.410257, 0.790739), (0.400449, 0.76871), (0.391381, 0.771048), (0.385787, 0.772357), (0.379355, 0.775), (0.400752, 0.790458), (0.386362, 0.781861), (0.382294, 0.778134), (0.392547, 0.786694), (0.381636, 0.773381), (0.418567, 0.765683), (0.426347, 0.764797), (0.430425, 0.764628), (0.435662, 0.765421), (0.418971, 0.787252), (0.430646, 0.774454), (0.433444, 0.769578), (0.425928, 0.781059), (0.433727, 0.764452)]
[(0.410614, 0.771971), (0.41069, 0.793065), (0.401263, 0.771579), (0.392172, 0.773988), (0.386537, 0.775309), (0.379902, 0.777865), (0.401392, 0.792877), (0.387135, 0.784597), (0.382993, 0.780983), (0.393327, 0.78926), (0.382323, 0.776303), (0.419449, 0.768385), (0.427267, 0.767336), (0.43143, 0.767002), (0.436993, 0.767401), (0.419339, 0.789519), (0.431258, 0.7767), (0.434398, 0.771727), (0.426319, 0.783306), (0.43486, 0.766618)]
[(0.410696, 0.769232), (0.411209, 0.791182), (0.400894, 0.768781), (0.391457, 0.771391), (0.385691, 0.77293), (0.378984, 0.775926), (0.401489, 0.790925), (0.386583, 0.782492), (0.382237, 0.77896), (0.393026, 0.787212), (0.381383, 0.774162), (0.419894, 0.765639), (0.428173, 0.764854), (0.432537, 0.764796), (0.43836, 0.765507), (0.420278, 0.787671), (0.432627, 0.774785), (0.435774, 0.769828), (0.427598, 0.781423), (0.436105, 0.764612)]
[(0.410249, 0.773355), (0.409947, 0.792888), (0.400409, 0.773005), (0.390682, 0.775224), (0.384761, 0.776393), (0.377826, 0.778841), (0.400244, 0.79267), (0.385302, 0.784975), (0.381001, 0.781694), (0.391772, 0.789274), (0.380293, 0.777292), (0.419416, 0.770032), (0.42742, 0.768931), (0.431571, 0.76854), (0.437187, 0.769039), (0.418796, 0.789533), (0.431162, 0.777647), (0.43444, 0.77306), (0.426018, 0.783765), (0.435071, 0.768183)]
[(0.4089, 0.776666), (0.407789, 0.794469), (0.399449, 0.776341), (0.389941, 0.778192), (0.38403, 0.779069), (0.376961, 0.781159), (0.398478, 0.794238), (0.384091, 0.786889), (0.379959, 0.783823), (0.390322, 0.790978), (0.379471, 0.779766), (0.417532, 0.773621), (0.424774, 0.772376), (0.428343, 0.771804), (0.433142, 0.772048), (0.416219, 0.791248), (0.427637, 0.780039), (0.430582, 0.775807), (0.422952, 0.785748), (0.431375, 0.771324)]
[(0.409012, 0.778848), (0.408029, 0.796633), (0.399324, 0.778546), (0.389627, 0.780338), (0.383787, 0.781114), (0.376928, 0.782956), (0.398495, 0.796352), (0.384003, 0.788742), (0.379882, 0.785624), (0.390268, 0.792957), (0.37929, 0.781686), (0.417827, 0.775706), (0.425292, 0.774303), (0.428968, 0.773654), (0.43395, 0.77384), (0.416634, 0.793371), (0.428364, 0.781981), (0.431369, 0.77766), (0.423548, 0.787799), (0.432116, 0.773121)]
[(0.409023, 0.779732), (0.407968, 0.796807), (0.399409, 0.779592), (0.389872, 0.781461), (0.384173, 0.782291), (0.377453, 0.784037), (0.398646, 0.796663), (0.384488, 0.789554), (0.380407, 0.786596), (0.39065, 0.793514), (0.379799, 0.782848), (0.417917, 0.776514), (0.425514, 0.774997), (0.429372, 0.774281), (0.434701, 0.774236), (0.416507, 0.793534), (0.428545, 0.782348), (0.431846, 0.778056), (0.42348, 0.788055), (0.43269, 0.773639)]
[(0.409252, 0.781643), (0.408514, 0.798005), (0.399764, 0.78143), (0.390459, 0.783116), (0.384901, 0.783811), (0.378223, 0.785343), (0.399413, 0.79777), (0.385412, 0.790754), (0.381264, 0.78786), (0.391566, 0.794639), (0.380577, 0.784257), (0.418046, 0.778489), (0.425558, 0.776946), (0.429432, 0.776181), (0.434746, 0.775992), (0.416836, 0.794872), (0.428664, 0.784015), (0.431907, 0.779782), (0.423674, 0.789577), (0.432733, 0.775481)]
[(0.409829, 0.78206), (0.409404, 0.797531), (0.400442, 0.78215), (0.391277, 0.78397), (0.385813, 0.784732), (0.379237, 0.78631), (0.400487, 0.797535), (0.38657, 0.791302), (0.382359, 0.78866), (0.392756, 0.794772), (0.381537, 0.785236), (0.418534, 0.778791), (0.426075, 0.777034), (0.430081, 0.776062), (0.435738, 0.775534), (0.417567, 0.794308), (0.429452, 0.783595), (0.432792, 0.779353), (0.424361, 0.789082), (0.433561, 0.775187)]
[(0.409116, 0.782743), (0.409248, 0.798212), (0.399814, 0.78271), (0.390806, 0.784299), (0.385557, 0.784929), (0.379462, 0.786374), (0.400362, 0.798056), (0.386586, 0.791547), (0.382481, 0.788805), (0.392679, 0.79514), (0.381542, 0.785331), (0.4178, 0.77965), (0.425469, 0.777947), (0.429593, 0.776983), (0.435406, 0.77651), (0.417354, 0.795117), (0.42923, 0.784532), (0.432523, 0.78031), (0.424147, 0.78998), (0.433163, 0.776131)]
[(0.408647, 0.783339), (0.40832, 0.798796), (0.399445, 0.783134), (0.390382, 0.7845), (0.385008, 0.784922), (0.378621, 0.786123), (0.399402, 0.798519), (0.385608, 0.791583), (0.381566, 0.788673), (0.391654, 0.795406), (0.380857, 0.78515), (0.417161, 0.780363), (0.424439, 0.778675), (0.428222, 0.777704), (0.433448, 0.777394), (0.416303, 0.795741), (0.427692, 0.785182), (0.430756, 0.781086), (0.422885, 0.790594), (0.431457, 0.776919)]
[(0.408937, 0.784713), (0.408538, 0.799685), (0.399768, 0.784519), (0.39073, 0.785886), (0.38527, 0.786312), (0.378643, 0.787543), (0.399704, 0.799435), (0.385851, 0.792766), (0.381695, 0.789988), (0.391972, 0.796441), (0.380992, 0.786563), (0.41745, 0.781747), (0.424666, 0.780059), (0.42833, 0.779056), (0.433396, 0.778535), (0.416509, 0.796631), (0.427718, 0.786217), (0.430714, 0.782182), (0.423017, 0.791528), (0.431481, 0.778176)]
[(0.409172, 0.785501), (0.408658, 0.800523), (0.399916, 0.785335), (0.390712, 0.786729), (0.385087, 0.787188), (0.378172, 0.788533), (0.399693, 0.80031), (0.385557, 0.79369), (0.38131, 0.79095), (0.391807, 0.797346), (0.38065, 0.787505), (0.417685, 0.782543), (0.424811, 0.78087), (0.428372, 0.77986), (0.433362, 0.779301), (0.416724, 0.797462), (0.427857, 0.787001), (0.430751, 0.782953), (0.42324, 0.792345), (0.431442, 0.77897)]
[(0.408542, 0.786521), (0.408074, 0.802033), (0.399302, 0.786313), (0.390141, 0.787712), (0.38462, 0.788147), (0.377917, 0.789401), (0.398988, 0.801812), (0.384952, 0.794821), (0.380862, 0.79191), (0.391078, 0.798706), (0.380293, 0.788409), (0.417039, 0.783464), (0.42417, 0.781767), (0.427763, 0.780794), (0.432599, 0.780492), (0.416214, 0.798907), (0.427333, 0.788178), (0.430148, 0.784109), (0.42276, 0.793656), (0.430771, 0.78002)]
[(0.408381, 0.788384), (0.40817, 0.804514), (0.399064, 0.788235), (0.389879, 0.789656), (0.384432, 0.790121), (0.37798, 0.79153), (0.399024, 0.804257), (0.38493, 0.7971), (0.380888, 0.794114), (0.391078, 0.801053), (0.380183, 0.790449), (0.416988, 0.78532), (0.424348, 0.78359), (0.428038, 0.782594), (0.433067, 0.782292), (0.416482, 0.801307), (0.427815, 0.790284), (0.430607, 0.786048), (0.423171, 0.795928), (0.431181, 0.781789)]
[(0.408356, 0.789335), (0.408309, 0.805756), (0.39919, 0.789149), (0.390216, 0.79051), (0.385021, 0.79089), (0.378955, 0.792056), (0.399239, 0.805465), (0.385505, 0.797961), (0.381673, 0.794796), (0.391449, 0.802114), (0.381013, 0.791081), (0.416885, 0.786163), (0.424237, 0.784328), (0.428005, 0.783278), (0.433085, 0.783019), (0.416502, 0.802476), (0.42784, 0.791163), (0.430665, 0.78684), (0.423156, 0.796964), (0.431202, 0.782467)]
[(0.407903, 0.789184), (0.407694, 0.80607), (0.398607, 0.788852), (0.389525, 0.790108), (0.384213, 0.790417), (0.377957, 0.791525), (0.398479, 0.805644), (0.384572, 0.797651), (0.380707, 0.79435), (0.390569, 0.802048), (0.380093, 0.790557), (0.416558, 0.786032), (0.423986, 0.784251), (0.427766, 0.783222), (0.432826, 0.782905), (0.416087, 0.802765), (0.427526, 0.791143), (0.430359, 0.786767), (0.422839, 0.797082), (0.430957, 0.782386)]
[(0.408551, 0.789743), (0.407842, 0.80612), (0.399289, 0.789577), (0.390054, 0.790995), (0.384507, 0.791395), (0.377745, 0.792607), (0.398701, 0.805825), (0.38466, 0.798387), (0.380651, 0.795293), (0.390776, 0.802483), (0.380113, 0.791614), (0.417034, 0.786667), (0.42413, 0.784921), (0.427609, 0.783928), (0.432314, 0.78367), (0.416045, 0.802831), (0.427086, 0.791636), (0.429837, 0.787427), (0.422574, 0.797325), (0.430587, 0.783134)]
[(0.408089, 0.788523), (0.407502, 0.805025), (0.39884, 0.788286), (0.389623, 0.789623), (0.384103, 0.790002), (0.377477, 0.791219), (0.398372, 0.804646), (0.384364, 0.797108), (0.380371, 0.793964), (0.390467, 0.801251), (0.379759, 0.790214), (0.416627, 0.785534), (0.423871, 0.78388), (0.42752, 0.782954), (0.432389, 0.782836), (0.415734, 0.801843), (0.426987, 0.79079), (0.429832, 0.786596), (0.422339, 0.796437), (0.430619, 0.782229)]
[(0.40879, 0.786628), (0.408386, 0.802887), (0.39968, 0.786499), (0.390554, 0.78798), (0.385025, 0.788491), (0.378448, 0.789951), (0.399389, 0.802651), (0.385433, 0.795594), (0.381389, 0.792603), (0.391536, 0.7995), (0.380725, 0.78884), (0.417284, 0.78362), (0.424474, 0.781997), (0.428022, 0.781077), (0.432757, 0.780848), (0.416582, 0.799644), (0.427629, 0.788692), (0.430326, 0.784566), (0.423116, 0.794255), (0.431035, 0.7803)]
[(0.409265, 0.784754), (0.408756, 0.800763), (0.400018, 0.784524), (0.390775, 0.786006), (0.385096, 0.786478), (0.378193, 0.787774), (0.399635, 0.800499), (0.385449, 0.793453), (0.381275, 0.790434), (0.391665, 0.797366), (0.380678, 0.786736), (0.417927, 0.78174), (0.425239, 0.780194), (0.428947, 0.779317), (0.43395, 0.779142), (0.416947, 0.797636), (0.428348, 0.786927), (0.43133, 0.782837), (0.423587, 0.792397), (0.432095, 0.778577)]
[(0.409331, 0.784428), (0.408638, 0.799809), (0.400156, 0.784408), (0.390959, 0.786006), (0.385299, 0.786553), (0.378476, 0.787925), (0.39958, 0.799736), (0.38555, 0.793232), (0.381464, 0.790409), (0.391671, 0.796875), (0.380905, 0.786882), (0.417868, 0.781402), (0.425021, 0.77977), (0.428595, 0.778852), (0.433416, 0.778635), (0.416755, 0.796634), (0.427952, 0.786152), (0.430863, 0.782198), (0.423293, 0.791472), (0.431638, 0.778104)]
[(0.40944, 0.783944), (0.408837, 0.79912), (0.400282, 0.78383), (0.391137, 0.785295), (0.385471, 0.785709), (0.378524, 0.786847), (0.399769, 0.799), (0.38569, 0.792339), (0.381567, 0.789408), (0.391832, 0.796083), (0.381049, 0.78591), (0.418003, 0.780909), (0.425204, 0.77924), (0.428891, 0.778253), (0.433893, 0.777917), (0.416936, 0.796001), (0.428279, 0.785508), (0.43129, 0.78151), (0.423521, 0.790865), (0.432022, 0.77745)]
[(0.409064, 0.787595), (0.408218, 0.804017), (0.399848, 0.787292), (0.390508, 0.788694), (0.384842, 0.789038), (0.37779, 0.790117), (0.39912, 0.803647), (0.385008, 0.796071), (0.380861, 0.792892), (0.391196, 0.800256), (0.380324, 0.789167), (0.417546, 0.784498), (0.424561, 0.782838), (0.428037, 0.781928), (0.432658, 0.781903), (0.416239, 0.800838), (0.427279, 0.789868), (0.43012, 0.785687), (0.422701, 0.795483), (0.430973, 0.781232)]
[(0.409347, 0.786608), (0.40889, 0.801531), (0.400273, 0.786521), (0.391278, 0.787949), (0.385857, 0.788418), (0.37943, 0.789722), (0.400021, 0.801333), (0.386301, 0.79491), (0.382319, 0.792152), (0.392292, 0.798466), (0.381651, 0.788713), (0.417806, 0.783767), (0.425046, 0.78219), (0.428699, 0.78128), (0.433681, 0.781037), (0.416915, 0.798508), (0.428139, 0.788407), (0.431095, 0.784526), (0.423438, 0.793548), (0.431827, 0.78054)]
[(0.409256, 0.788083), (0.408053, 0.804736), (0.400042, 0.787895), (0.390686, 0.789475), (0.384966, 0.790028), (0.377963, 0.791521), (0.398916, 0.804456), (0.384896, 0.797173), (0.380875, 0.794145), (0.390959, 0.801198), (0.380454, 0.790412), (0.417649, 0.785097), (0.424537, 0.783575), (0.427838, 0.78279), (0.432196, 0.782899), (0.416155, 0.801539), (0.427029, 0.790642), (0.429774, 0.786548), (0.422596, 0.796184), (0.430618, 0.782217)]
[(0.410437, 0.78551), (0.410432, 0.800874), (0.401299, 0.785489), (0.392345, 0.78714), (0.386955, 0.787809), (0.380578, 0.789397), (0.401392, 0.800854), (0.387475, 0.794536), (0.383478, 0.791787), (0.393504, 0.798097), (0.382835, 0.7883), (0.418964, 0.78249), (0.426347, 0.78093), (0.430129, 0.78003), (0.435324, 0.779631), (0.418701, 0.797746), (0.430047, 0.787218), (0.432906, 0.783177), (0.425388, 0.7926), (0.433356, 0.779259)]
[(0.409923, 0.787171), (0.409653, 0.803437), (0.400702, 0.786813), (0.391451, 0.788279), (0.385776, 0.788713), (0.378643, 0.789856), (0.400416, 0.803115), (0.386051, 0.795656), (0.381755, 0.792532), (0.392345, 0.799828), (0.381281, 0.788931), (0.418457, 0.784098), (0.425679, 0.782558), (0.429322, 0.781687), (0.434245, 0.781305), (0.417916, 0.800289), (0.429071, 0.789217), (0.431832, 0.785019), (0.424525, 0.7949), (0.43238, 0.780898)]
[(0.40978, 0.787252), (0.40925, 0.80373), (0.400629, 0.786881), (0.391356, 0.78834), (0.385615, 0.788744), (0.378345, 0.789865), (0.400048, 0.803388), (0.3857, 0.795797), (0.381434, 0.792595), (0.391975, 0.800051), (0.38105, 0.788945), (0.418258, 0.784219), (0.425378, 0.782703), (0.428922, 0.781849), (0.433677, 0.781505), (0.417449, 0.800596), (0.428509, 0.789465), (0.431257, 0.785245), (0.423997, 0.795186), (0.431886, 0.781079)]
[(0.409141, 0.788334), (0.408339, 0.805482), (0.399987, 0.787722), (0.390544, 0.78905), (0.384582, 0.789331), (0.376768, 0.790286), (0.399104, 0.804893), (0.384488, 0.796637), (0.380048, 0.79321), (0.390922, 0.801219), (0.379734, 0.789418), (0.417561, 0.785396), (0.424533, 0.784031), (0.427939, 0.783272), (0.432489, 0.783085), (0.41645, 0.80243), (0.427318, 0.791174), (0.430029, 0.786896), (0.422892, 0.796986), (0.430785, 0.782576)]
[(0.409156, 0.78745), (0.408543, 0.803657), (0.399872, 0.787007), (0.390383, 0.788389), (0.384388, 0.788722), (0.376638, 0.789813), (0.399226, 0.803271), (0.384428, 0.795706), (0.379947, 0.792534), (0.390954, 0.799926), (0.379569, 0.788882), (0.41777, 0.784482), (0.424908, 0.782984), (0.42842, 0.782089), (0.43319, 0.781639), (0.41685, 0.800548), (0.427941, 0.789497), (0.430699, 0.785347), (0.423434, 0.795154), (0.431362, 0.781257)]
[(0.409043, 0.788517), (0.407959, 0.804767), (0.399817, 0.787909), (0.390332, 0.789167), (0.384274, 0.7894), (0.376233, 0.790356), (0.3987, 0.804241), (0.383984, 0.796379), (0.379532, 0.793129), (0.390469, 0.800743), (0.379322, 0.789477), (0.417582, 0.785629), (0.424523, 0.784234), (0.427857, 0.783398), (0.432326, 0.783049), (0.416197, 0.801749), (0.427118, 0.790814), (0.429846, 0.786715), (0.422689, 0.796416), (0.430622, 0.782622)]
[(0.409666, 0.787139), (0.408066, 0.8023), (0.400457, 0.786755), (0.390885, 0.788136), (0.384714, 0.788443), (0.376673, 0.78942), (0.3988, 0.802106), (0.384114, 0.795066), (0.379785, 0.792006), (0.39054, 0.799055), (0.37973, 0.788542), (0.418102, 0.784198), (0.424863, 0.782615), (0.428139, 0.781645), (0.432512, 0.781229), (0.416239, 0.799204), (0.42723, 0.788602), (0.430076, 0.784691), (0.42272, 0.793984), (0.430904, 0.780823)]
[(0.409373, 0.788), (0.407966, 0.803951), (0.4002, 0.787475), (0.390767, 0.788752), (0.384719, 0.788984), (0.376718, 0.789801), (0.398809, 0.803537), (0.384317, 0.795854), (0.379943, 0.792588), (0.390692, 0.800158), (0.3798, 0.789009), (0.417796, 0.785007), (0.424574, 0.783486), (0.427939, 0.782571), (0.432507, 0.782157), (0.416016, 0.800906), (0.427027, 0.789992), (0.42994, 0.785847), (0.42247, 0.7956), (0.430765, 0.781771)]
[(0.40917, 0.786733), (0.408093, 0.802659), (0.399927, 0.78632), (0.390518, 0.787743), (0.384544, 0.788118), (0.37692, 0.789215), (0.398789, 0.802391), (0.384224, 0.795013), (0.379973, 0.791863), (0.390561, 0.799178), (0.379791, 0.788291), (0.417702, 0.783722), (0.424701, 0.78222), (0.428174, 0.781308), (0.432878, 0.780902), (0.416386, 0.799536), (0.427582, 0.788562), (0.430445, 0.784481), (0.422997, 0.79417), (0.43109, 0.780512)]
[(0.408829, 0.788128), (0.407512, 0.804861), (0.399764, 0.787574), (0.390285, 0.788983), (0.38414, 0.789313), (0.375888, 0.790253), (0.398355, 0.804406), (0.383703, 0.796499), (0.379196, 0.793126), (0.390176, 0.800943), (0.379118, 0.7894), (0.417223, 0.785174), (0.424002, 0.783807), (0.427334, 0.783018), (0.431752, 0.782681), (0.415568, 0.801799), (0.426454, 0.790671), (0.429252, 0.786443), (0.421984, 0.796399), (0.430065, 0.782267)]
[(0.40922, 0.789671), (0.408144, 0.805556), (0.400224, 0.789273), (0.391021, 0.790679), (0.385178, 0.791026), (0.377604, 0.792065), (0.399185, 0.805257), (0.384964, 0.797874), (0.380697, 0.794744), (0.39122, 0.802025), (0.380453, 0.79117), (0.41752, 0.786674), (0.424341, 0.785118), (0.427682, 0.78418), (0.432154, 0.783657), (0.416147, 0.802427), (0.426951, 0.791452), (0.429733, 0.787329), (0.422517, 0.797057), (0.430476, 0.783311)]
[(0.408764, 0.789756), (0.407423, 0.805513), (0.399806, 0.78934), (0.390533, 0.790746), (0.384609, 0.791111), (0.376871, 0.792195), (0.398488, 0.805185), (0.384259, 0.797889), (0.379987, 0.794829), (0.390521, 0.801976), (0.379795, 0.791284), (0.416996, 0.786871), (0.423679, 0.785411), (0.426887, 0.784558), (0.43113, 0.78416), (0.415354, 0.802461), (0.425977, 0.79173), (0.42871, 0.787735), (0.421626, 0.797206), (0.429553, 0.78376)]
[(0.408135, 0.78866), (0.406661, 0.804022), (0.398996, 0.788276), (0.389591, 0.789701), (0.383552, 0.79011), (0.375755, 0.791306), (0.397602, 0.803776), (0.383192, 0.79678), (0.378892, 0.793825), (0.389526, 0.800708), (0.378678, 0.790348), (0.416517, 0.785765), (0.423338, 0.784278), (0.426635, 0.783394), (0.431008, 0.782946), (0.414778, 0.800975), (0.425687, 0.79039), (0.42852, 0.786449), (0.421209, 0.795779), (0.429392, 0.782578)]
[(0.407847, 0.788805), (0.406621, 0.80424), (0.398792, 0.788552), (0.389492, 0.790129), (0.383601, 0.790673), (0.376055, 0.792039), (0.397585, 0.80409), (0.38331, 0.797343), (0.379102, 0.794486), (0.389557, 0.801152), (0.378857, 0.791029), (0.416157, 0.785906), (0.422984, 0.784484), (0.426271, 0.783684), (0.430612, 0.783335), (0.414738, 0.801186), (0.425536, 0.790692), (0.428243, 0.786794), (0.421148, 0.796034), (0.429011, 0.782938)]
[(0.407123, 0.788671), (0.405903, 0.804122), (0.398023, 0.788352), (0.388695, 0.789821), (0.382808, 0.790295), (0.375373, 0.79159), (0.396805, 0.803878), (0.382553, 0.796947), (0.37838, 0.794051), (0.388766, 0.80083), (0.378111, 0.790598), (0.41547, 0.785865), (0.422314, 0.784478), (0.425584, 0.783698), (0.429854, 0.783409), (0.414059, 0.80112), (0.424835, 0.790687), (0.427514, 0.786832), (0.420474, 0.795989), (0.42829, 0.782982)]
[(0.406459, 0.789265), (0.405478, 0.805032), (0.397339, 0.788939), (0.388045, 0.790452), (0.38226, 0.79097), (0.374897, 0.792265), (0.396307, 0.804746), (0.382006, 0.797698), (0.377852, 0.794761), (0.388234, 0.801649), (0.37763, 0.791282), (0.414875, 0.786455), (0.421828, 0.785147), (0.42519, 0.784466), (0.42955, 0.784342), (0.413641, 0.802076), (0.424545, 0.791659), (0.427227, 0.787778), (0.42012, 0.796984), (0.427929, 0.783842)]
[(0.405977, 0.789234), (0.404444, 0.804685), (0.396922, 0.788768), (0.387596, 0.790127), (0.381678, 0.790558), (0.374117, 0.7918), (0.395385, 0.804299), (0.381225, 0.797199), (0.377078, 0.794281), (0.387384, 0.801152), (0.376925, 0.790822), (0.414275, 0.78656), (0.421012, 0.785328), (0.424184, 0.784681), (0.428149, 0.784634), (0.412521, 0.801833), (0.423214, 0.79169), (0.42586, 0.787956), (0.418892, 0.796852), (0.426727, 0.784105)]
[(0.406381, 0.788567), (0.4053, 0.803652), (0.397219, 0.788137), (0.387934, 0.789426), (0.382083, 0.789759), (0.374687, 0.790848), (0.396171, 0.803339), (0.381901, 0.79628), (0.377707, 0.793348), (0.38813, 0.800217), (0.377418, 0.789928), (0.414794, 0.785708), (0.421684, 0.784228), (0.425062, 0.783347), (0.429448, 0.782988), (0.413459, 0.800676), (0.424367, 0.790258), (0.427086, 0.786407), (0.419932, 0.795563), (0.427842, 0.782577)]
[(0.406694, 0.788758), (0.40603, 0.805193), (0.39731, 0.788334), (0.387837, 0.789719), (0.381998, 0.790137), (0.37478, 0.7914), (0.396594, 0.804819), (0.382036, 0.797184), (0.377811, 0.794046), (0.388352, 0.801435), (0.377405, 0.790404), (0.415294, 0.785809), (0.422436, 0.784355), (0.425915, 0.783559), (0.430399, 0.783323), (0.414425, 0.802099), (0.42546, 0.791045), (0.428097, 0.786935), (0.421039, 0.796704), (0.428747, 0.782852)]
[(0.405571, 0.790463), (0.404598, 0.807402), (0.396421, 0.789824), (0.387138, 0.790951), (0.381366, 0.791135), (0.374008, 0.792043), (0.395366, 0.806783), (0.381093, 0.798394), (0.376957, 0.794956), (0.387303, 0.803036), (0.376722, 0.79117), (0.414006, 0.787537), (0.420929, 0.786048), (0.424319, 0.785215), (0.428614, 0.785018), (0.412821, 0.804314), (0.423655, 0.792969), (0.426287, 0.788747), (0.41928, 0.79879), (0.427064, 0.784488)]
[(0.406372, 0.78962), (0.405209, 0.806259), (0.39725, 0.789022), (0.387959, 0.790273), (0.382188, 0.790548), (0.374839, 0.791485), (0.396101, 0.805773), (0.381934, 0.797723), (0.377779, 0.794352), (0.388146, 0.802219), (0.37756, 0.790618), (0.414812, 0.786627), (0.421782, 0.785135), (0.425236, 0.784347), (0.42971, 0.784135), (0.413388, 0.803168), (0.424439, 0.791995), (0.427255, 0.787833), (0.419898, 0.797713), (0.428086, 0.783617)]
[(0.40699, 0.789882), (0.405853, 0.80688), (0.39772, 0.789321), (0.388284, 0.79066), (0.382447, 0.790989), (0.375038, 0.791995), (0.396529, 0.806364), (0.382203, 0.79815), (0.378017, 0.794808), (0.388436, 0.802714), (0.377767, 0.791109), (0.415449, 0.786877), (0.42239, 0.785452), (0.425716, 0.78476), (0.429966, 0.784688), (0.414096, 0.803783), (0.424947, 0.792535), (0.427612, 0.788376), (0.420571, 0.798292), (0.428435, 0.784119)]
[(0.407193, 0.789477), (0.405965, 0.806273), (0.397975, 0.78895), (0.388558, 0.79032), (0.382682, 0.790722), (0.375233, 0.791915), (0.396648, 0.805804), (0.382355, 0.797839), (0.378191, 0.794618), (0.388558, 0.802271), (0.377982, 0.79096), (0.415562, 0.786558), (0.422357, 0.785226), (0.425516, 0.784601), (0.429507, 0.784583), (0.414222, 0.803242), (0.424794, 0.79223), (0.427287, 0.788171), (0.420607, 0.797859), (0.428074, 0.78402)]
[(0.40806, 0.787487), (0.407173, 0.802657), (0.398862, 0.787199), (0.389718, 0.788621), (0.384025, 0.78908), (0.37707, 0.790242), (0.397874, 0.802508), (0.383843, 0.795607), (0.379843, 0.79268), (0.389868, 0.79952), (0.379645, 0.789341), (0.416585, 0.784518), (0.42368, 0.783018), (0.42728, 0.782156), (0.431997, 0.781714), (0.415542, 0.79963), (0.426805, 0.789038), (0.429647, 0.785106), (0.422209, 0.79445), (0.430215, 0.781394)]
[(0.407852, 0.788831), (0.406867, 0.80449), (0.398685, 0.788496), (0.389447, 0.789909), (0.383701, 0.790337), (0.376555, 0.791487), (0.397602, 0.804238), (0.383494, 0.79702), (0.379418, 0.794008), (0.389587, 0.801081), (0.3792, 0.790568), (0.416303, 0.785888), (0.423247, 0.784426), (0.426612, 0.78366), (0.430852, 0.783432), (0.41511, 0.801443), (0.425945, 0.790781), (0.42859, 0.786862), (0.42158, 0.796214), (0.429308, 0.78298)]
[(0.408076, 0.789467), (0.406915, 0.80467), (0.399044, 0.789168), (0.390008, 0.790561), (0.384386, 0.790996), (0.377377, 0.79212), (0.397915, 0.804483), (0.384142, 0.797541), (0.380163, 0.794601), (0.390118, 0.801463), (0.379975, 0.791225), (0.416432, 0.786538), (0.423343, 0.785045), (0.426789, 0.784208), (0.431328, 0.783828), (0.415049, 0.801656), (0.426055, 0.791169), (0.428905, 0.787261), (0.421526, 0.796516), (0.429607, 0.783458)]
[(0.408765, 0.788135), (0.407485, 0.803347), (0.399674, 0.787932), (0.390421, 0.789432), (0.38458, 0.789962), (0.377257, 0.791283), (0.398491, 0.803213), (0.384424, 0.796511), (0.380265, 0.79369), (0.390572, 0.800277), (0.379964, 0.790301), (0.417029, 0.785233), (0.423801, 0.783748), (0.427148, 0.782917), (0.431649, 0.782549), (0.415521, 0.800306), (0.426319, 0.789862), (0.429152, 0.785978), (0.421887, 0.795173), (0.429936, 0.782184)]
[(0.409003, 0.786749), (0.407994, 0.802494), (0.399613, 0.786554), (0.390123, 0.788106), (0.384222, 0.788704), (0.376996, 0.790125), (0.398804, 0.802345), (0.384388, 0.795497), (0.380112, 0.792599), (0.390714, 0.799334), (0.379601, 0.78909), (0.4175, 0.78378), (0.424621, 0.782261), (0.428246, 0.781455), (0.433216, 0.781171), (0.416191, 0.799428), (0.42748, 0.788774), (0.43053, 0.784738), (0.422784, 0.79422), (0.431332, 0.780746)]
[(0.408853, 0.785869), (0.407965, 0.801324), (0.399491, 0.78568), (0.390067, 0.787182), (0.38415, 0.787733), (0.376861, 0.789139), (0.398815, 0.801178), (0.384374, 0.794427), (0.380044, 0.791579), (0.390728, 0.798202), (0.3795, 0.788105), (0.417352, 0.782891), (0.42448, 0.781329), (0.428089, 0.78044), (0.433061, 0.780003), (0.41617, 0.798241), (0.427397, 0.787602), (0.4304, 0.783575), (0.422741, 0.793028), (0.431159, 0.77965)]
[(0.408404, 0.786363), (0.407385, 0.80207), (0.399169, 0.786045), (0.389835, 0.787488), (0.383974, 0.787953), (0.376657, 0.789172), (0.398275, 0.801831), (0.384037, 0.794703), (0.379763, 0.791707), (0.390284, 0.798695), (0.379351, 0.78822), (0.416879, 0.783374), (0.423948, 0.781865), (0.427512, 0.781022), (0.432332, 0.780662), (0.415581, 0.799012), (0.426765, 0.788286), (0.429734, 0.784242), (0.422139, 0.793762), (0.430512, 0.780266)]
[(0.407496, 0.787396), (0.406503, 0.804907), (0.398081, 0.787043), (0.388298, 0.788722), (0.382313, 0.789402), (0.37492, 0.790888), (0.396984, 0.804569), (0.38221, 0.796923), (0.37795, 0.793669), (0.388662, 0.801203), (0.377598, 0.789807), (0.416169, 0.784475), (0.423432, 0.783256), (0.426979, 0.782716), (0.43171, 0.782891), (0.415015, 0.801808), (0.426485, 0.790748), (0.429282, 0.786566), (0.421811, 0.796443), (0.42999, 0.782204)]
[(0.407012, 0.787239), (0.40623, 0.805107), (0.397441, 0.786746), (0.387643, 0.788314), (0.381652, 0.78888), (0.374239, 0.790295), (0.396581, 0.80469), (0.3816, 0.796602), (0.377322, 0.79319), (0.388109, 0.80112), (0.376932, 0.789219), (0.415832, 0.784195), (0.423223, 0.782901), (0.426846, 0.782244), (0.431764, 0.782224), (0.414867, 0.801905), (0.426485, 0.790352), (0.429325, 0.786016), (0.421773, 0.796307), (0.429923, 0.781622)]
[(0.406484, 0.785334), (0.405715, 0.803266), (0.396847, 0.784764), (0.387106, 0.786249), (0.381193, 0.786763), (0.374081, 0.788171), (0.395978, 0.802842), (0.381116, 0.79459), (0.376999, 0.7911), (0.387492, 0.799213), (0.376634, 0.787081), (0.415432, 0.782223), (0.42299, 0.780859), (0.426791, 0.780132), (0.431955, 0.780062), (0.414501, 0.800047), (0.426507, 0.788293), (0.429478, 0.783891), (0.421611, 0.794359), (0.43002, 0.779484)]
[(0.405833, 0.781254), (0.405916, 0.799433), (0.396226, 0.780848), (0.386893, 0.782418), (0.381363, 0.783064), (0.375024, 0.784727), (0.396191, 0.799121), (0.38164, 0.791081), (0.37775, 0.787635), (0.387788, 0.795608), (0.377253, 0.783553), (0.414975, 0.77807), (0.423024, 0.776683), (0.427323, 0.775915), (0.433152, 0.775722), (0.414966, 0.796126), (0.42748, 0.784099), (0.430604, 0.779595), (0.422355, 0.790305), (0.430921, 0.775249)]
[(0.404905, 0.783038), (0.405525, 0.801247), (0.395471, 0.78234), (0.386255, 0.783639), (0.380705, 0.784093), (0.373987, 0.785529), (0.39602, 0.800696), (0.381282, 0.792241), (0.377072, 0.78864), (0.387647, 0.79695), (0.376458, 0.784439), (0.413854, 0.77991), (0.421701, 0.778577), (0.425946, 0.777753), (0.431921, 0.777366), (0.414316, 0.798099), (0.426466, 0.786059), (0.429421, 0.781406), (0.421527, 0.792343), (0.429566, 0.776998)]
[(0.404202, 0.783744), (0.405016, 0.800841), (0.39489, 0.7831), (0.385854, 0.784289), (0.380423, 0.78469), (0.373838, 0.786024), (0.395628, 0.80033), (0.38109, 0.792359), (0.376921, 0.788979), (0.387362, 0.796793), (0.376273, 0.784998), (0.413058, 0.780732), (0.420867, 0.779402), (0.425117, 0.778569), (0.431081, 0.778122), (0.413759, 0.797841), (0.425786, 0.786395), (0.42865, 0.781981), (0.420931, 0.792362), (0.428722, 0.777811)]
[(0.403998, 0.784085), (0.404805, 0.800892), (0.394571, 0.783387), (0.385549, 0.784548), (0.38017, 0.784995), (0.373907, 0.786465), (0.395364, 0.800386), (0.380924, 0.792605), (0.37686, 0.789315), (0.387119, 0.796925), (0.376164, 0.785373), (0.41296, 0.781141), (0.420864, 0.779928), (0.425143, 0.779203), (0.4311, 0.778945), (0.413655, 0.798026), (0.425842, 0.786944), (0.428714, 0.782661), (0.420927, 0.792725), (0.42875, 0.77856)]
[(0.403342, 0.785525), (0.404316, 0.80209), (0.394074, 0.784792), (0.385236, 0.785881), (0.379834, 0.786288), (0.373322, 0.787717), (0.395042, 0.801511), (0.380637, 0.793757), (0.37646, 0.790543), (0.386862, 0.79803), (0.375725, 0.786667), (0.412207, 0.782677), (0.420017, 0.781577), (0.424259, 0.780876), (0.430254, 0.780509), (0.413086, 0.799291), (0.42503, 0.788382), (0.427827, 0.784198), (0.420242, 0.794061), (0.427826, 0.780211)]
[(0.402613, 0.785679), (0.40366, 0.80264), (0.393456, 0.784891), (0.384801, 0.786018), (0.379508, 0.786474), (0.373207, 0.787981), (0.394406, 0.802024), (0.380222, 0.794089), (0.376187, 0.790813), (0.386301, 0.798465), (0.375532, 0.786902), (0.411412, 0.782835), (0.419163, 0.781847), (0.423381, 0.781215), (0.429302, 0.780923), (0.412476, 0.799861), (0.424348, 0.788831), (0.427028, 0.784597), (0.419635, 0.794578), (0.426896, 0.780612)]
[(0.402453, 0.786399), (0.403355, 0.80301), (0.393307, 0.785611), (0.384678, 0.786719), (0.379373, 0.787183), (0.372987, 0.78873), (0.394193, 0.802382), (0.380063, 0.794656), (0.376009, 0.79149), (0.386142, 0.798903), (0.375352, 0.787631), (0.411249, 0.783626), (0.419005, 0.782674), (0.423219, 0.782064), (0.429164, 0.781791), (0.412158, 0.800295), (0.424059, 0.789544), (0.426795, 0.785405), (0.419312, 0.795137), (0.42674, 0.781476)]
[(0.405164, 0.787003), (0.40537, 0.802954), (0.395977, 0.78664), (0.387002, 0.788146), (0.38154, 0.788821), (0.374999, 0.790538), (0.396208, 0.802726), (0.381973, 0.796004), (0.377931, 0.7931), (0.388125, 0.799787), (0.377386, 0.789367), (0.413842, 0.784123), (0.421362, 0.78294), (0.425322, 0.782249), (0.430874, 0.782021), (0.413873, 0.800059), (0.425626, 0.789596), (0.428472, 0.78557), (0.420832, 0.795015), (0.428682, 0.781627)]
[(0.406409, 0.783956), (0.406294, 0.801057), (0.397072, 0.78376), (0.387805, 0.785532), (0.382226, 0.786353), (0.375821, 0.788169), (0.396817, 0.800956), (0.382493, 0.793946), (0.378572, 0.790846), (0.388593, 0.79793), (0.378116, 0.786939), (0.415111, 0.780921), (0.422641, 0.779634), (0.426617, 0.778998), (0.431951, 0.779141), (0.414846, 0.797923), (0.426676, 0.786917), (0.429605, 0.782751), (0.421826, 0.792598), (0.42996, 0.778504)]
[(0.406022, 0.786879), (0.405761, 0.804258), (0.396513, 0.786556), (0.386914, 0.788175), (0.381201, 0.788822), (0.374438, 0.790373), (0.396183, 0.803976), (0.381476, 0.79643), (0.377371, 0.793196), (0.387834, 0.800654), (0.376852, 0.789234), (0.414755, 0.783842), (0.422206, 0.782467), (0.425923, 0.781774), (0.431017, 0.781848), (0.41434, 0.801072), (0.425913, 0.78981), (0.428676, 0.785578), (0.421235, 0.795612), (0.429126, 0.781192)]
[(0.406673, 0.785672), (0.406475, 0.802497), (0.397207, 0.785498), (0.387656, 0.787286), (0.38193, 0.788061), (0.375292, 0.789788), (0.396911, 0.802393), (0.382274, 0.795453), (0.378184, 0.792424), (0.388586, 0.79937), (0.37765, 0.788578), (0.415361, 0.782625), (0.422808, 0.781213), (0.426615, 0.78048), (0.431883, 0.780503), (0.414973, 0.799317), (0.426642, 0.788342), (0.429516, 0.784159), (0.421867, 0.793993), (0.429921, 0.779879)]
[(0.406417, 0.787195), (0.405342, 0.804729), (0.396986, 0.786918), (0.387259, 0.788712), (0.381323, 0.789494), (0.374088, 0.79122), (0.395769, 0.804469), (0.381106, 0.797089), (0.377009, 0.793947), (0.387437, 0.801227), (0.376763, 0.790006), (0.415111, 0.78425), (0.422336, 0.783), (0.425846, 0.782411), (0.430671, 0.782527), (0.413907, 0.801579), (0.425454, 0.790469), (0.428265, 0.78624), (0.420768, 0.796194), (0.428854, 0.781865)]
[(0.407458, 0.786688), (0.406379, 0.804456), (0.397869, 0.7866), (0.388016, 0.788575), (0.382056, 0.7894), (0.374909, 0.791099), (0.396705, 0.804379), (0.38194, 0.79704), (0.377835, 0.793855), (0.388329, 0.801189), (0.377498, 0.789891), (0.416316, 0.783441), (0.423743, 0.781903), (0.427417, 0.781141), (0.432452, 0.781136), (0.414999, 0.801033), (0.426852, 0.789394), (0.429877, 0.784994), (0.421951, 0.795367), (0.430588, 0.780471)]
[(0.406979, 0.783053), (0.406177, 0.800671), (0.397286, 0.782798), (0.387562, 0.784542), (0.381701, 0.785296), (0.374919, 0.78711), (0.396398, 0.800533), (0.381679, 0.793094), (0.377682, 0.789861), (0.387955, 0.79732), (0.377318, 0.785829), (0.415995, 0.779866), (0.423625, 0.778382), (0.42755, 0.777654), (0.432819, 0.777771), (0.414984, 0.797408), (0.427206, 0.78592), (0.430307, 0.781557), (0.422156, 0.791851), (0.430862, 0.777079)]
[(0.409055, 0.776596), (0.409466, 0.795337), (0.399413, 0.776644), (0.389919, 0.778918), (0.384253, 0.780166), (0.377959, 0.782596), (0.399411, 0.795486), (0.384648, 0.788386), (0.380694, 0.785239), (0.390841, 0.792499), (0.380189, 0.781137), (0.418098, 0.773248), (0.425987, 0.771976), (0.430193, 0.771527), (0.435597, 0.771953), (0.418472, 0.791927), (0.430509, 0.780117), (0.433373, 0.775693), (0.425664, 0.786221), (0.43353, 0.771213)]
[(0.409714, 0.772275), (0.410286, 0.792812), (0.399921, 0.77198), (0.390563, 0.774347), (0.384837, 0.77578), (0.378463, 0.778677), (0.400313, 0.79281), (0.385436, 0.784986), (0.381346, 0.781553), (0.391774, 0.789482), (0.380725, 0.776977), (0.418974, 0.768621), (0.427194, 0.767529), (0.431623, 0.76722), (0.437153, 0.767617), (0.419481, 0.789295), (0.431856, 0.776575), (0.434842, 0.771725), (0.426832, 0.783161), (0.435032, 0.766899)]
[(0.411443, 0.772915), (0.411683, 0.792457), (0.401792, 0.772746), (0.392511, 0.775146), (0.386771, 0.776442), (0.380203, 0.779066), (0.401938, 0.792568), (0.387263, 0.785099), (0.383145, 0.781821), (0.393554, 0.789392), (0.382575, 0.77748), (0.420414, 0.769205), (0.42835, 0.767884), (0.432638, 0.767311), (0.438186, 0.767443), (0.42058, 0.788843), (0.432727, 0.776246), (0.435803, 0.771482), (0.427726, 0.782737), (0.436063, 0.766807)]
[(0.412144, 0.776596), (0.411999, 0.794945), (0.40243, 0.776471), (0.392992, 0.778896), (0.387128, 0.780125), (0.380053, 0.782409), (0.402448, 0.795056), (0.387739, 0.788078), (0.383348, 0.785057), (0.394158, 0.792053), (0.382726, 0.780999), (0.421128, 0.772905), (0.428951, 0.771519), (0.43319, 0.770831), (0.438963, 0.770563), (0.420629, 0.791416), (0.432885, 0.77933), (0.43625, 0.774655), (0.427726, 0.785546), (0.436689, 0.770146)]
[(0.410828, 0.781885), (0.410539, 0.800264), (0.401381, 0.7816), (0.39197, 0.783749), (0.386209, 0.78479), (0.379219, 0.78686), (0.401197, 0.800137), (0.386724, 0.792754), (0.382405, 0.789594), (0.393075, 0.79693), (0.381797, 0.785514), (0.41967, 0.778514), (0.427268, 0.777248), (0.431189, 0.776726), (0.436421, 0.776764), (0.419004, 0.796953), (0.430739, 0.785266), (0.433821, 0.780753), (0.425873, 0.791288), (0.434435, 0.776152)]
[(0.411045, 0.780293), (0.410323, 0.797623), (0.40167, 0.780216), (0.392238, 0.782411), (0.386402, 0.783489), (0.379338, 0.785652), (0.400933, 0.797709), (0.386485, 0.791069), (0.382329, 0.788145), (0.392733, 0.794892), (0.381969, 0.784282), (0.419762, 0.77701), (0.427101, 0.775681), (0.430866, 0.775101), (0.435819, 0.775225), (0.418672, 0.794391), (0.430317, 0.783244), (0.433347, 0.778943), (0.425485, 0.789015), (0.433959, 0.774592)]
[(0.411685, 0.780938), (0.4112, 0.797885), (0.402357, 0.780957), (0.392917, 0.783236), (0.387154, 0.78435), (0.380257, 0.786418), (0.401861, 0.798088), (0.38745, 0.791746), (0.383256, 0.788877), (0.393726, 0.795433), (0.382801, 0.785109), (0.420307, 0.777608), (0.427612, 0.776197), (0.431427, 0.775588), (0.436455, 0.775706), (0.419393, 0.794652), (0.430981, 0.783664), (0.434013, 0.779397), (0.426137, 0.789362), (0.434585, 0.775064)]
[(0.411572, 0.779358), (0.411261, 0.796327), (0.402234, 0.779269), (0.392978, 0.781385), (0.387299, 0.782426), (0.380518, 0.784519), (0.401978, 0.796469), (0.387638, 0.789987), (0.383509, 0.787066), (0.393843, 0.793735), (0.383019, 0.783199), (0.420243, 0.776034), (0.427639, 0.774671), (0.431525, 0.774021), (0.436679, 0.774004), (0.419552, 0.793101), (0.431214, 0.782002), (0.434229, 0.777727), (0.426372, 0.787749), (0.434727, 0.773462)]
[(0.412334, 0.780614), (0.412065, 0.797401), (0.40302, 0.780593), (0.3938, 0.782717), (0.388143, 0.783695), (0.38137, 0.785677), (0.402939, 0.797561), (0.388642, 0.791091), (0.384449, 0.788215), (0.394899, 0.794806), (0.383828, 0.784401), (0.420902, 0.777133), (0.428207, 0.775556), (0.431958, 0.774753), (0.437063, 0.7745), (0.42018, 0.794037), (0.431588, 0.782712), (0.434567, 0.778358), (0.426828, 0.788549), (0.435113, 0.774036)]
[(0.411924, 0.781991), (0.411496, 0.798874), (0.402636, 0.782), (0.393422, 0.78399), (0.387827, 0.784868), (0.381095, 0.78674), (0.402392, 0.798987), (0.388155, 0.792324), (0.38407, 0.789353), (0.394371, 0.79614), (0.383519, 0.785507), (0.420524, 0.778543), (0.427864, 0.77686), (0.431631, 0.775987), (0.436735, 0.77569), (0.419648, 0.795471), (0.431133, 0.783992), (0.43415, 0.779585), (0.426331, 0.789912), (0.434808, 0.775227)]
[(0.411133, 0.783822), (0.411034, 0.801237), (0.401775, 0.783692), (0.392477, 0.785534), (0.386968, 0.786279), (0.380424, 0.787966), (0.401797, 0.80119), (0.387452, 0.793909), (0.383349, 0.790734), (0.393733, 0.798047), (0.382713, 0.786788), (0.419824, 0.780354), (0.42729, 0.778611), (0.431078, 0.777709), (0.436167, 0.777392), (0.419348, 0.797791), (0.430841, 0.785929), (0.433707, 0.781395), (0.426104, 0.792048), (0.434295, 0.776892)]
[(0.411279, 0.785775), (0.410917, 0.802206), (0.40205, 0.785866), (0.392861, 0.787705), (0.387447, 0.788378), (0.381022, 0.789838), (0.401832, 0.802298), (0.387809, 0.795498), (0.383843, 0.792479), (0.393951, 0.799372), (0.383255, 0.788769), (0.419848, 0.782293), (0.427185, 0.780315), (0.430902, 0.779227), (0.435996, 0.778685), (0.419072, 0.7987), (0.43052, 0.787082), (0.433471, 0.782626), (0.425735, 0.793047), (0.43412, 0.778262)]
[(0.410351, 0.787779), (0.409668, 0.80419), (0.401331, 0.787753), (0.392317, 0.789489), (0.386969, 0.790113), (0.38043, 0.791526), (0.4008, 0.804174), (0.387087, 0.797277), (0.383202, 0.794216), (0.393109, 0.801201), (0.382758, 0.790471), (0.418885, 0.78443), (0.4261, 0.782604), (0.429654, 0.781611), (0.434468, 0.78115), (0.417798, 0.800801), (0.429084, 0.789435), (0.431962, 0.785055), (0.424389, 0.79527), (0.432688, 0.780692)]
[(0.410703, 0.787391), (0.409774, 0.802725), (0.401724, 0.787175), (0.392586, 0.788608), (0.386953, 0.789059), (0.379929, 0.790355), (0.400915, 0.802593), (0.386981, 0.795832), (0.382886, 0.79291), (0.393119, 0.799656), (0.382495, 0.789343), (0.419026, 0.784271), (0.425801, 0.782526), (0.429067, 0.781516), (0.433414, 0.78101), (0.417688, 0.79958), (0.428394, 0.788824), (0.43105, 0.784698), (0.424008, 0.794351), (0.431801, 0.780626)]
[(0.411332, 0.783707), (0.410315, 0.797999), (0.402116, 0.783594), (0.392801, 0.785018), (0.386968, 0.785459), (0.379905, 0.786688), (0.401129, 0.798066), (0.386923, 0.791842), (0.382831, 0.789065), (0.393082, 0.795411), (0.382492, 0.785719), (0.41983, 0.780592), (0.426736, 0.778746), (0.43024, 0.777581), (0.435016, 0.776878), (0.418465, 0.794852), (0.429673, 0.784342), (0.432586, 0.780354), (0.425036, 0.789712), (0.433225, 0.776617)]
[(0.411031, 0.783753), (0.409859, 0.798632), (0.401686, 0.783523), (0.392158, 0.784938), (0.386107, 0.785347), (0.378534, 0.786524), (0.400519, 0.798642), (0.385898, 0.792003), (0.381628, 0.789047), (0.392252, 0.795814), (0.381376, 0.785569), (0.419658, 0.78055), (0.426559, 0.778718), (0.430028, 0.777572), (0.434709, 0.776845), (0.418129, 0.795423), (0.429371, 0.784534), (0.432266, 0.78043), (0.42476, 0.790102), (0.432951, 0.776599)]
[(0.410664, 0.782853), (0.409699, 0.798135), (0.401072, 0.782546), (0.391373, 0.783969), (0.385274, 0.784373), (0.377721, 0.785562), (0.400094, 0.798114), (0.385168, 0.791211), (0.380842, 0.78815), (0.391624, 0.795172), (0.380541, 0.784587), (0.419545, 0.779577), (0.426782, 0.777738), (0.430506, 0.776587), (0.435558, 0.775925), (0.418236, 0.794886), (0.42999, 0.783741), (0.433048, 0.779555), (0.425147, 0.789448), (0.433648, 0.775634)]
[(0.410299, 0.783028), (0.409362, 0.79894), (0.400791, 0.782582), (0.391191, 0.78394), (0.385085, 0.784294), (0.377473, 0.785456), (0.399806, 0.798811), (0.384941, 0.791439), (0.380613, 0.788186), (0.391378, 0.795653), (0.380329, 0.784486), (0.419177, 0.779706), (0.426419, 0.77791), (0.430106, 0.776759), (0.435059, 0.776034), (0.417958, 0.795637), (0.429634, 0.784121), (0.432603, 0.779785), (0.424853, 0.790029), (0.433202, 0.775768)]
[(0.410414, 0.782424), (0.409563, 0.798005), (0.400904, 0.782124), (0.391316, 0.783606), (0.38524, 0.784098), (0.377741, 0.785508), (0.400045, 0.797993), (0.385191, 0.791134), (0.380872, 0.788098), (0.391626, 0.79506), (0.380529, 0.784438), (0.419212, 0.779164), (0.426411, 0.7774), (0.430091, 0.77629), (0.435048, 0.775649), (0.418099, 0.794736), (0.429682, 0.783524), (0.43261, 0.77931), (0.424952, 0.789264), (0.43318, 0.775361)]
[(0.410878, 0.78365), (0.409905, 0.799566), (0.401342, 0.783414), (0.391633, 0.785059), (0.385559, 0.785711), (0.37813, 0.787317), (0.400413, 0.7995), (0.385611, 0.792725), (0.381267, 0.789818), (0.392049, 0.796567), (0.380847, 0.786175), (0.419649, 0.780535), (0.426866, 0.778969), (0.430479, 0.778101), (0.435255, 0.777766), (0.418344, 0.796403), (0.429837, 0.785493), (0.432755, 0.781389), (0.425133, 0.791079), (0.433475, 0.777345)]
[(0.409526, 0.785168), (0.408591, 0.803156), (0.399996, 0.784611), (0.390317, 0.786024), (0.384291, 0.786504), (0.376873, 0.788072), (0.399112, 0.802792), (0.384305, 0.794539), (0.380002, 0.791047), (0.390761, 0.799176), (0.37954, 0.786894), (0.418298, 0.781856), (0.425445, 0.780263), (0.428914, 0.779395), (0.433317, 0.779233), (0.417129, 0.799821), (0.428331, 0.787761), (0.43099, 0.783224), (0.423844, 0.79398), (0.431737, 0.778662)]
[(0.409419, 0.785707), (0.408964, 0.803718), (0.399887, 0.785121), (0.390205, 0.786456), (0.384262, 0.786899), (0.377062, 0.788488), (0.399424, 0.803217), (0.38456, 0.794888), (0.380223, 0.791432), (0.391039, 0.799513), (0.379612, 0.787283), (0.418278, 0.782604), (0.425648, 0.781121), (0.429252, 0.78028), (0.433885, 0.780137), (0.417602, 0.800487), (0.428919, 0.7886), (0.431542, 0.784093), (0.424405, 0.794743), (0.432212, 0.779551)]
[(0.410001, 0.786493), (0.409363, 0.80455), (0.400483, 0.785883), (0.3908, 0.787215), (0.38484, 0.787614), (0.377549, 0.789108), (0.39988, 0.804033), (0.38508, 0.795579), (0.380737, 0.792089), (0.39153, 0.800267), (0.380153, 0.787944), (0.418863, 0.783306), (0.426192, 0.781744), (0.42977, 0.780836), (0.434395, 0.780573), (0.417974, 0.801235), (0.429301, 0.78914), (0.431986, 0.784588), (0.42477, 0.795369), (0.432711, 0.780039)]
[(0.41039, 0.789588), (0.40972, 0.807802), (0.400945, 0.789052), (0.391316, 0.790447), (0.385377, 0.790813), (0.377947, 0.792153), (0.400303, 0.807279), (0.385537, 0.798738), (0.381172, 0.7952), (0.392011, 0.803468), (0.380647, 0.791044), (0.419217, 0.786337), (0.426461, 0.78469), (0.430018, 0.783741), (0.43472, 0.783427), (0.418185, 0.804421), (0.429471, 0.792209), (0.432217, 0.787568), (0.424903, 0.798496), (0.432995, 0.782879)]
[(0.410892, 0.791453), (0.409699, 0.809032), (0.401406, 0.790933), (0.391617, 0.792341), (0.385439, 0.792737), (0.377508, 0.794064), (0.400316, 0.808625), (0.38537, 0.800481), (0.380859, 0.79704), (0.391987, 0.805035), (0.38045, 0.792991), (0.41964, 0.78816), (0.426635, 0.786533), (0.429979, 0.785647), (0.434262, 0.785398), (0.418083, 0.80571), (0.429087, 0.793859), (0.431777, 0.789398), (0.424648, 0.799952), (0.432699, 0.784846)]
[(0.41173, 0.792018), (0.410785, 0.809391), (0.402053, 0.791704), (0.392296, 0.793389), (0.386186, 0.794046), (0.378377, 0.795708), (0.401283, 0.809223), (0.386255, 0.801645), (0.381756, 0.798479), (0.392868, 0.805915), (0.381276, 0.794538), (0.420566, 0.788571), (0.427782, 0.786922), (0.431377, 0.786069), (0.436036, 0.785757), (0.419327, 0.806008), (0.430656, 0.79416), (0.433496, 0.789729), (0.42608, 0.800237), (0.434272, 0.785299)]
[(0.412799, 0.791851), (0.411714, 0.808576), (0.403194, 0.791834), (0.39351, 0.793854), (0.387418, 0.794814), (0.379829, 0.796887), (0.402272, 0.808688), (0.387474, 0.80208), (0.383075, 0.799316), (0.393943, 0.80583), (0.382595, 0.795579), (0.421344, 0.788469), (0.428309, 0.786901), (0.431728, 0.786172), (0.436072, 0.786087), (0.42008, 0.805215), (0.431055, 0.793973), (0.433734, 0.789804), (0.426665, 0.799683), (0.434487, 0.785577)]
[(0.413247, 0.794268), (0.412848, 0.811766), (0.403616, 0.794408), (0.39404, 0.796436), (0.388283, 0.797419), (0.381554, 0.799619), (0.403437, 0.811908), (0.38886, 0.805099), (0.384652, 0.802191), (0.395176, 0.808957), (0.383846, 0.79824), (0.421899, 0.790849), (0.429279, 0.789181), (0.43299, 0.788398), (0.437665, 0.788479), (0.421342, 0.808239), (0.432559, 0.796587), (0.4353, 0.792293), (0.428055, 0.802505), (0.435989, 0.787843)]
[(0.414423, 0.798998), (0.413836, 0.816619), (0.404736, 0.79914), (0.395082, 0.801253), (0.389276, 0.802312), (0.382424, 0.804658), (0.404483, 0.816776), (0.389854, 0.81012), (0.385592, 0.807235), (0.39626, 0.813883), (0.384765, 0.803198), (0.423162, 0.79559), (0.43072, 0.793922), (0.434478, 0.793138), (0.439412, 0.793164), (0.422428, 0.813081), (0.433943, 0.801486), (0.436867, 0.797091), (0.42926, 0.807377), (0.437618, 0.792529)]
[(0.41592, 0.801608), (0.41553, 0.818998), (0.406104, 0.801798), (0.396398, 0.804043), (0.390564, 0.805223), (0.383703, 0.807627), (0.406157, 0.819203), (0.391332, 0.812859), (0.386948, 0.810105), (0.397872, 0.816462), (0.386019, 0.806178), (0.424718, 0.798169), (0.432459, 0.796585), (0.436361, 0.795922), (0.441511, 0.796012), (0.424109, 0.815551), (0.435858, 0.804229), (0.438881, 0.799909), (0.43103, 0.809993), (0.43962, 0.79539)]
[(0.418018, 0.804518), (0.417039, 0.821991), (0.408247, 0.804603), (0.398583, 0.80679), (0.39262, 0.807881), (0.385322, 0.810068), (0.407828, 0.822129), (0.393102, 0.815488), (0.388651, 0.812611), (0.39963, 0.819254), (0.387847, 0.808726), (0.426745, 0.800992), (0.434355, 0.799396), (0.43825, 0.798728), (0.443387, 0.798805), (0.4255, 0.818531), (0.437329, 0.807069), (0.44057, 0.802724), (0.432375, 0.812898), (0.441495, 0.798189)]
[(0.418942, 0.805949), (0.418533, 0.824906), (0.409004, 0.805973), (0.399467, 0.808285), (0.393604, 0.809443), (0.386448, 0.811642), (0.408991, 0.824993), (0.394104, 0.81756), (0.389713, 0.814371), (0.400623, 0.821789), (0.388971, 0.810309), (0.428074, 0.802154), (0.436158, 0.800596), (0.440421, 0.799959), (0.445993, 0.799929), (0.427452, 0.821238), (0.439846, 0.808748), (0.443171, 0.804066), (0.434689, 0.815116), (0.443881, 0.79939)]
[(0.422267, 0.805912), (0.422241, 0.825493), (0.412159, 0.806243), (0.40229, 0.809036), (0.396279, 0.81065), (0.389348, 0.813647), (0.412336, 0.825825), (0.397017, 0.819055), (0.392567, 0.816156), (0.403661, 0.822934), (0.391723, 0.811948), (0.431469, 0.802151), (0.439631, 0.800696), (0.443943, 0.800244), (0.449376, 0.800661), (0.431266, 0.821747), (0.443618, 0.809338), (0.446751, 0.804721), (0.438563, 0.815646), (0.447348, 0.799914)]
[(0.424554, 0.807191), (0.424895, 0.828136), (0.414223, 0.807566), (0.404157, 0.810559), (0.398004, 0.812299), (0.390945, 0.815541), (0.414573, 0.828532), (0.398738, 0.821355), (0.394198, 0.818225), (0.405564, 0.825485), (0.393373, 0.813726), (0.433958, 0.80326), (0.442339, 0.801791), (0.446836, 0.801335), (0.452504, 0.801824), (0.434241, 0.824184), (0.446844, 0.811006), (0.44995, 0.80609), (0.441732, 0.817722), (0.450379, 0.801023)]
[(0.42788, 0.805261), (0.428152, 0.828395), (0.417225, 0.80568), (0.406765, 0.809092), (0.400302, 0.811212), (0.392737, 0.814889), (0.417221, 0.828987), (0.400612, 0.821311), (0.395962, 0.817842), (0.407732, 0.825842), (0.395444, 0.812925), (0.437548, 0.800932), (0.445931, 0.799577), (0.450384, 0.799393), (0.455807, 0.800377), (0.437829, 0.824177), (0.450537, 0.810037), (0.453484, 0.804814), (0.445457, 0.817301), (0.453762, 0.799365)]
[(0.431139, 0.80539), (0.432921, 0.828407), (0.420472, 0.806452), (0.410293, 0.810373), (0.403984, 0.812791), (0.396558, 0.81672), (0.421786, 0.829511), (0.404828, 0.822642), (0.400022, 0.819465), (0.412121, 0.826783), (0.399258, 0.8147), (0.440962, 0.800661), (0.449752, 0.798967), (0.454561, 0.798566), (0.460563, 0.799059), (0.44285, 0.823673), (0.455506, 0.808872), (0.458296, 0.803576), (0.450537, 0.816355), (0.458169, 0.79831)]
[(0.434099, 0.801152), (0.435665, 0.826015), (0.423422, 0.801866), (0.413273, 0.805914), (0.406778, 0.808495), (0.398869, 0.812743), (0.424514, 0.827204), (0.407299, 0.81963), (0.402352, 0.815905), (0.414781, 0.824307), (0.401879, 0.810542), (0.443904, 0.795946), (0.452578, 0.794331), (0.457469, 0.79406), (0.463352, 0.794889), (0.445575, 0.821147), (0.458308, 0.805397), (0.461178, 0.799675), (0.453253, 0.813429), (0.461034, 0.793968)]
[(0.435217, 0.801067), (0.437364, 0.823425), (0.424697, 0.801831), (0.415243, 0.805451), (0.409297, 0.807671), (0.401969, 0.811275), (0.426631, 0.82482), (0.41007, 0.817965), (0.405358, 0.814338), (0.417292, 0.822335), (0.404854, 0.809384), (0.445033, 0.795574), (0.453899, 0.793511), (0.459036, 0.792767), (0.465537, 0.792787), (0.447191, 0.81858), (0.460249, 0.803158), (0.463302, 0.797472), (0.454988, 0.811045), (0.462846, 0.792309)]
[(0.438576, 0.797223), (0.440565, 0.822721), (0.42786, 0.798192), (0.417921, 0.802467), (0.411569, 0.805224), (0.403983, 0.809482), (0.429306, 0.824377), (0.412067, 0.817051), (0.407304, 0.812919), (0.419529, 0.821836), (0.406929, 0.807329), (0.448582, 0.791507), (0.457611, 0.789584), (0.462984, 0.789103), (0.469564, 0.789939), (0.450734, 0.817535), (0.464305, 0.801038), (0.467429, 0.794888), (0.45879, 0.809531), (0.466937, 0.789025)]
[(0.442187, 0.797147), (0.443954, 0.822291), (0.431429, 0.798386), (0.421306, 0.802924), (0.414865, 0.805895), (0.407332, 0.810364), (0.432743, 0.82424), (0.415462, 0.817688), (0.410648, 0.813722), (0.422969, 0.82212), (0.410219, 0.808141), (0.452137, 0.791361), (0.461086, 0.789336), (0.466396, 0.788806), (0.47282, 0.78966), (0.454028, 0.817038), (0.467582, 0.800725), (0.470714, 0.794581), (0.46205, 0.809141), (0.470282, 0.788741)]
[(0.4448, 0.797255), (0.447903, 0.824732), (0.433797, 0.798801), (0.423782, 0.803998), (0.417634, 0.807438), (0.410747, 0.812729), (0.436521, 0.826944), (0.418976, 0.820211), (0.414128, 0.816201), (0.426593, 0.824733), (0.413296, 0.810106), (0.454926, 0.790931), (0.464395, 0.788803), (0.469992, 0.788254), (0.477059, 0.789079), (0.45821, 0.818909), (0.471885, 0.801092), (0.474947, 0.794458), (0.466373, 0.81023), (0.474212, 0.788124)]
[(0.44629, 0.794897), (0.449734, 0.823776), (0.435244, 0.79663), (0.425294, 0.802649), (0.419256, 0.806746), (0.412458, 0.812936), (0.438484, 0.826273), (0.420866, 0.820168), (0.415985, 0.816343), (0.428546, 0.824393), (0.414999, 0.809934), (0.456434, 0.788217), (0.466086, 0.786384), (0.471829, 0.786185), (0.479247, 0.787629), (0.459933, 0.81785), (0.473839, 0.799868), (0.477016, 0.793142), (0.468171, 0.80911), (0.476227, 0.786396)]
[(0.444915, 0.793781), (0.448297, 0.82253), (0.433541, 0.795335), (0.423465, 0.800581), (0.417315, 0.804053), (0.410251, 0.809597), (0.436423, 0.824924), (0.418353, 0.817689), (0.413552, 0.813345), (0.426118, 0.822575), (0.412882, 0.806835), (0.455575, 0.786993), (0.465768, 0.784589), (0.471863, 0.783828), (0.479604, 0.784493), (0.459448, 0.816166), (0.474184, 0.797001), (0.477445, 0.790042), (0.468263, 0.806744), (0.476509, 0.783555)]
[(0.446793, 0.79789), (0.451051, 0.825812), (0.434694, 0.799795), (0.424044, 0.8049), (0.417731, 0.808082), (0.410951, 0.813213), (0.43825, 0.828335), (0.419259, 0.820772), (0.414315, 0.81669), (0.427263, 0.825748), (0.413285, 0.810652), (0.457908, 0.7909), (0.468488, 0.787826), (0.474512, 0.786596), (0.482026, 0.786302), (0.462912, 0.818929), (0.477452, 0.798809), (0.480222, 0.79184), (0.471952, 0.808847), (0.479052, 0.785787)]
[(0.44708, 0.796442), (0.451357, 0.825005), (0.434666, 0.798377), (0.423884, 0.803355), (0.41757, 0.806412), (0.411099, 0.811377), (0.438138, 0.82747), (0.418941, 0.819232), (0.41419, 0.814955), (0.426899, 0.824562), (0.413221, 0.808861), (0.458576, 0.789258), (0.46944, 0.785953), (0.475488, 0.784584), (0.48305, 0.784132), (0.463756, 0.817768), (0.478678, 0.796808), (0.481388, 0.789697), (0.47311, 0.807182), (0.480054, 0.783648)]
[(0.447226, 0.796645), (0.452459, 0.827129), (0.434613, 0.798901), (0.423556, 0.804156), (0.417245, 0.807433), (0.411169, 0.812815), (0.438965, 0.829508), (0.41937, 0.820898), (0.414448, 0.816583), (0.427507, 0.826344), (0.412947, 0.810118), (0.458854, 0.789656), (0.469892, 0.786437), (0.475894, 0.785381), (0.483307, 0.785668), (0.465048, 0.8198), (0.479546, 0.798718), (0.481879, 0.791523), (0.474353, 0.809117), (0.480443, 0.784743)]
[(0.448635, 0.792638), (0.45392, 0.824695), (0.435604, 0.795075), (0.424032, 0.800844), (0.417215, 0.804464), (0.410212, 0.810386), (0.440116, 0.827345), (0.41946, 0.818626), (0.413975, 0.814248), (0.428162, 0.824185), (0.412457, 0.807427), (0.460409, 0.785118), (0.471499, 0.781694), (0.477616, 0.780495), (0.48535, 0.780511), (0.466497, 0.816912), (0.481083, 0.794512), (0.48364, 0.786811), (0.475802, 0.805594), (0.48227, 0.779736)]
[(0.446931, 0.795161), (0.451803, 0.824427), (0.4341, 0.797501), (0.42292, 0.802928), (0.416499, 0.806276), (0.410101, 0.811689), (0.438726, 0.826946), (0.41898, 0.819183), (0.413713, 0.815223), (0.427353, 0.824143), (0.412021, 0.808981), (0.458716, 0.787747), (0.470043, 0.784183), (0.476273, 0.782847), (0.484398, 0.782379), (0.464104, 0.817055), (0.479342, 0.795855), (0.482279, 0.788496), (0.473605, 0.80633), (0.481194, 0.781828)]
[(0.445068, 0.790684), (0.450582, 0.823254), (0.431792, 0.79325), (0.420233, 0.799149), (0.413747, 0.802945), (0.407602, 0.809189), (0.436698, 0.82591), (0.416181, 0.817421), (0.41099, 0.81309), (0.424738, 0.822866), (0.409341, 0.806089), (0.457187, 0.783103), (0.468831, 0.779595), (0.475204, 0.778497), (0.483169, 0.778875), (0.463556, 0.815363), (0.478824, 0.792875), (0.481466, 0.785183), (0.473276, 0.803955), (0.480085, 0.77788)]
[(0.443545, 0.791596), (0.448611, 0.821769), (0.430338, 0.794172), (0.419006, 0.799716), (0.41255, 0.803146), (0.406185, 0.808823), (0.435036, 0.824333), (0.414879, 0.816213), (0.409717, 0.812268), (0.423307, 0.821348), (0.40801, 0.806003), (0.455611, 0.783999), (0.467163, 0.780184), (0.473377, 0.77872), (0.481273, 0.778179), (0.461456, 0.813864), (0.476543, 0.791759), (0.479274, 0.784298), (0.47103, 0.802563), (0.478182, 0.777648)]
[(0.443433, 0.787876), (0.44815, 0.820773), (0.429869, 0.790438), (0.418268, 0.796512), (0.411626, 0.800265), (0.405212, 0.806254), (0.434279, 0.823469), (0.413745, 0.814472), (0.408625, 0.810046), (0.422256, 0.820171), (0.407068, 0.803277), (0.455816, 0.779793), (0.467616, 0.77608), (0.473955, 0.77468), (0.482046, 0.774153), (0.461151, 0.812468), (0.476786, 0.788761), (0.47984, 0.780694), (0.470944, 0.800387), (0.478842, 0.773644)]
[(0.441535, 0.785392), (0.446342, 0.820769), (0.427747, 0.788026), (0.415654, 0.794447), (0.408786, 0.798431), (0.402124, 0.804721), (0.432166, 0.823413), (0.411066, 0.813627), (0.405718, 0.808854), (0.419865, 0.819778), (0.404061, 0.801602), (0.454106, 0.777125), (0.46612, 0.773378), (0.472663, 0.772113), (0.480943, 0.772134), (0.45955, 0.812218), (0.475431, 0.787546), (0.478604, 0.779093), (0.469456, 0.799701), (0.477717, 0.771292)]
[(0.44045, 0.785264), (0.444943, 0.821281), (0.426266, 0.787851), (0.413581, 0.794525), (0.406272, 0.798679), (0.398663, 0.805247), (0.430434, 0.823897), (0.408487, 0.813998), (0.402723, 0.809322), (0.417753, 0.820144), (0.401072, 0.801961), (0.453258, 0.776846), (0.465351, 0.773063), (0.471837, 0.771712), (0.480317, 0.771206), (0.458396, 0.812494), (0.474492, 0.787171), (0.477771, 0.778434), (0.468445, 0.799653), (0.476951, 0.770577)]
[(0.438048, 0.78734), (0.442914, 0.823354), (0.423763, 0.789706), (0.411012, 0.795923), (0.403702, 0.799689), (0.395935, 0.805927), (0.428505, 0.82561), (0.406343, 0.815015), (0.400314, 0.810182), (0.415821, 0.821423), (0.398373, 0.80275), (0.450817, 0.778977), (0.462948, 0.77505), (0.469367, 0.773567), (0.477732, 0.773032), (0.45631, 0.8147), (0.472095, 0.789294), (0.475215, 0.780453), (0.466235, 0.801866), (0.474435, 0.772341)]
