[(0.527596, 0.130752), (0.520887, 1.0), (0.375788, 0.0), (0.229747, 0.080502), (0.128703, 0.191538), (0.0, 0.418259), (0.384003, 0.96242), (0.142759, 0.716404), (0.061794, 0.577192), (0.256139, 0.864976), (0.052722, 0.29919), (0.675468, 0.016851), (0.809461, 0.102126), (0.896786, 0.213144), (1.0, 0.437811), (0.65365, 0.960778), (0.873253, 0.712368), (0.945282, 0.582485), (0.77328, 0.858355), (0.960616, 0.317879)]
[(0.542379, 0.114225), (0.534326, 1.0), (0.388841, 0.0), (0.237275, 0.119409), (0.131102, 0.268192), (0.0, 0.537366), (0.396894, 0.967464), (0.150718, 0.75727), (0.065323, 0.657038), (0.26675, 0.883069), (0.05249, 0.401358), (0.689085, 0.015281), (0.821275, 0.13759), (0.905917, 0.286985), (1.0, 0.555514), (0.6653, 0.976683), (0.879319, 0.775591), (0.948056, 0.673856), (0.782815, 0.897216), (0.965068, 0.418466)]
[(0.567433, 0.086115), (0.550262, 1.0), (0.410926, 0.0), (0.25352, 0.159907), (0.143018, 0.326107), (0.0, 0.59052), (0.410225, 0.981791), (0.154298, 0.805048), (0.066072, 0.706956), (0.275195, 0.916747), (0.058326, 0.462752), (0.712031, 0.021884), (0.843225, 0.180815), (0.923207, 0.35124), (1.0, 0.617461), (0.684858, 0.975466), (0.892258, 0.796318), (0.953933, 0.713642), (0.801108, 0.900144), (0.973969, 0.491016)]
[(0.52694, 0.085292), (0.528867, 1.0), (0.37372, 0.0), (0.229745, 0.150151), (0.130253, 0.306077), (0.0, 0.553622), (0.390814, 0.981142), (0.146275, 0.781409), (0.063357, 0.67537), (0.260747, 0.906651), (0.054077, 0.432555), (0.673422, 0.004761), (0.811887, 0.149308), (0.901398, 0.300683), (1.0, 0.542512), (0.667942, 0.965819), (0.883947, 0.746274), (0.950062, 0.649229), (0.788815, 0.870848), (0.961905, 0.424662)]
[(0.518594, 0.092141), (0.531779, 1.0), (0.363805, 0.013009), (0.217588, 0.141634), (0.119436, 0.291486), (0.0, 0.55169), (0.38998, 0.979573), (0.145917, 0.773303), (0.062812, 0.668961), (0.259915, 0.898706), (0.046421, 0.420663), (0.664242, 0.0), (0.80657, 0.112967), (0.900099, 0.250546), (1.0, 0.518234), (0.671577, 0.962795), (0.88557, 0.731661), (0.951093, 0.627882), (0.792129, 0.86276), (0.963468, 0.381507)]
[(0.462616, 0.078813), (0.495404, 1.0), (0.312718, 0.029232), (0.180096, 0.163607), (0.095842, 0.321561), (0.0, 0.610401), (0.358753, 0.987863), (0.133106, 0.816262), (0.058588, 0.722553), (0.236847, 0.922368), (0.035252, 0.465757), (0.611574, 0.0), (0.770897, 0.112561), (0.88031, 0.245282), (1.0, 0.508886), (0.641077, 0.958736), (0.873075, 0.729496), (0.947452, 0.622108), (0.769502, 0.859149), (0.957403, 0.373239)]
[(0.455526, 0.084414), (0.465778, 0.988548), (0.308902, 0.058449), (0.176981, 0.23143), (0.094286, 0.415127), (0.0, 0.730601), (0.333289, 1.0), (0.119607, 0.894851), (0.0527, 0.823624), (0.216537, 0.967355), (0.034472, 0.574403), (0.603272, 0.0), (0.762935, 0.121577), (0.874659, 0.272731), (1.0, 0.580733), (0.610538, 0.943158), (0.857625, 0.763818), (0.941764, 0.6815), (0.743468, 0.860963), (0.956953, 0.422362)]
[(0.472671, 0.088962), (0.481832, 0.986907), (0.327286, 0.054289), (0.193774, 0.217425), (0.105974, 0.390951), (0.0, 0.687113), (0.349896, 1.0), (0.129193, 0.884606), (0.056753, 0.797744), (0.230938, 0.96609), (0.039824, 0.541012), (0.616685, 0.0), (0.769658, 0.114095), (0.877616, 0.256034), (1.0, 0.54755), (0.624362, 0.93916), (0.863084, 0.744779), (0.943694, 0.654594), (0.753444, 0.851219), (0.957406, 0.397359)]
[(0.489887, 0.082419), (0.486086, 0.981418), (0.345329, 0.050628), (0.206403, 0.220635), (0.113412, 0.405694), (0.0, 0.728636), (0.353013, 1.0), (0.129233, 0.910769), (0.056194, 0.831678), (0.232581, 0.97872), (0.042674, 0.568037), (0.632341, 0.0), (0.780323, 0.123346), (0.88427, 0.277992), (1.0, 0.606595), (0.627531, 0.936862), (0.864616, 0.77729), (0.944518, 0.70248), (0.755706, 0.863172), (0.961184, 0.436389)]
[(0.514627, 0.078693), (0.506436, 0.97922), (0.368428, 0.054257), (0.220406, 0.235127), (0.120689, 0.427772), (0.0, 0.759457), (0.3699, 1.0), (0.13606, 0.928878), (0.058761, 0.857116), (0.244871, 0.986728), (0.044916, 0.595043), (0.655406, 0.0), (0.798314, 0.126931), (0.895891, 0.294398), (1.0, 0.654853), (0.643195, 0.938872), (0.871572, 0.812713), (0.947453, 0.748035), (0.767073, 0.880015), (0.967065, 0.469386)]
[(0.443531, 0.087652), (0.46305, 0.996228), (0.300133, 0.068912), (0.172645, 0.227691), (0.091997, 0.386212), (0.0, 0.653283), (0.32905, 1.0), (0.116785, 0.84325), (0.051398, 0.751215), (0.212381, 0.944884), (0.033669, 0.520173), (0.589796, 0.0), (0.748798, 0.095905), (0.862779, 0.210503), (1.0, 0.451082), (0.609438, 0.937631), (0.858328, 0.68633), (0.941809, 0.570043), (0.743374, 0.825361), (0.950671, 0.321558)]
[(0.410667, 0.066659), (0.444425, 0.989634), (0.266637, 0.069815), (0.143372, 0.221824), (0.071876, 0.380753), (0.0, 0.665793), (0.309723, 1.0), (0.107353, 0.860992), (0.046421, 0.768499), (0.197381, 0.951756), (0.023133, 0.521108), (0.558521, 0.0), (0.72584, 0.089525), (0.848712, 0.196982), (1.0, 0.436549), (0.599215, 0.919693), (0.855246, 0.667787), (0.942278, 0.556175), (0.736808, 0.800659), (0.944312, 0.309012)]
[(0.429545, 0.066389), (0.476664, 0.990951), (0.277592, 0.060133), (0.148445, 0.214512), (0.073352, 0.376364), (0.0, 0.655369), (0.337709, 1.0), (0.120354, 0.851519), (0.052476, 0.760617), (0.218006, 0.948454), (0.023606, 0.516746), (0.581075, 0.0), (0.748705, 0.095585), (0.866221, 0.20846), (1.0, 0.435779), (0.631208, 0.923478), (0.871132, 0.663754), (0.948602, 0.553598), (0.763293, 0.801295), (0.95167, 0.318549)]
[(0.478057, 0.100094), (0.522301, 0.996544), (0.31969, 0.072293), (0.179901, 0.218498), (0.093864, 0.372613), (0.0, 0.639341), (0.378013, 1.0), (0.139927, 0.840068), (0.061056, 0.747087), (0.24928, 0.942621), (0.03407, 0.505028), (0.626837, 0.0), (0.781645, 0.075137), (0.885043, 0.183498), (1.0, 0.431933), (0.666452, 0.932397), (0.884901, 0.672916), (0.952337, 0.554992), (0.788979, 0.813383), (0.957521, 0.299832)]
[(0.560341, 0.105322), (0.583392, 0.995949), (0.395965, 0.07179), (0.231419, 0.233895), (0.122926, 0.401042), (0.0, 0.694267), (0.42965, 1.0), (0.162056, 0.847047), (0.069364, 0.774079), (0.286998, 0.94141), (0.044878, 0.547307), (0.701245, 0.0), (0.834857, 0.076032), (0.918057, 0.196956), (1.0, 0.486478), (0.715722, 0.931747), (0.905007, 0.689012), (0.960427, 0.588598), (0.824071, 0.819234), (0.972931, 0.333381)]
[(0.497955, 0.117798), (0.537782, 1.0), (0.339643, 0.068013), (0.19675, 0.203661), (0.105174, 0.348719), (0.0, 0.609371), (0.392992, 0.994601), (0.147671, 0.817044), (0.064775, 0.720142), (0.26158, 0.928148), (0.039828, 0.476677), (0.645342, 0.0), (0.793539, 0.073319), (0.890958, 0.186237), (1.0, 0.458652), (0.677069, 0.939668), (0.888594, 0.689131), (0.953373, 0.576361), (0.795803, 0.825834), (0.959029, 0.312078)]
[(0.497204, 0.118178), (0.539817, 1.0), (0.339334, 0.065581), (0.19734, 0.185107), (0.105916, 0.308602), (0.0, 0.528722), (0.396227, 0.989983), (0.151542, 0.77448), (0.066926, 0.655581), (0.265453, 0.909021), (0.040935, 0.413739), (0.64279, 0.0), (0.788889, 0.05363), (0.885924, 0.136776), (1.0, 0.3432), (0.676672, 0.935011), (0.884596, 0.634486), (0.95054, 0.490396), (0.793201, 0.801153), (0.955037, 0.229077)]
[(0.489253, 0.109176), (0.534999, 1.0), (0.331414, 0.056822), (0.189943, 0.182996), (0.100154, 0.319518), (0.0, 0.5634), (0.392274, 0.987545), (0.149533, 0.788306), (0.06608, 0.682055), (0.26261, 0.911186), (0.037672, 0.437315), (0.636523, 0.0), (0.786988, 0.072721), (0.886372, 0.175028), (1.0, 0.408591), (0.673043, 0.945676), (0.884092, 0.67546), (0.95035, 0.545073), (0.791534, 0.826651), (0.955977, 0.282137)]
[(0.473258, 0.106973), (0.516972, 1.0), (0.316577, 0.054939), (0.178049, 0.190479), (0.092057, 0.343003), (0.0, 0.614726), (0.376556, 0.991372), (0.140814, 0.820067), (0.062154, 0.725896), (0.249712, 0.927937), (0.03334, 0.478712), (0.625702, 0.0), (0.78318, 0.092118), (0.886314, 0.215482), (1.0, 0.486345), (0.659977, 0.949635), (0.880416, 0.711361), (0.948989, 0.603007), (0.783737, 0.84264), (0.957635, 0.344561)]
[(0.511629, 0.101624), (0.542922, 1.0), (0.35331, 0.038789), (0.203125, 0.165066), (0.106728, 0.317196), (0.0, 0.600771), (0.398914, 0.987152), (0.151827, 0.809384), (0.065813, 0.711591), (0.26763, 0.918427), (0.038515, 0.455399), (0.658156, 0.0), (0.804646, 0.092208), (0.899367, 0.221226), (1.0, 0.508799), (0.680692, 0.953454), (0.888, 0.726814), (0.951992, 0.621823), (0.797886, 0.852452), (0.963607, 0.358128)]
[(0.496122, 0.110746), (0.529901, 1.0), (0.339034, 0.049526), (0.194387, 0.188147), (0.102586, 0.349269), (0.0, 0.641623), (0.38838, 0.990607), (0.146228, 0.826609), (0.06303, 0.741268), (0.259198, 0.92829), (0.037287, 0.494267), (0.644721, 0.0), (0.794207, 0.094776), (0.891866, 0.224901), (1.0, 0.506732), (0.669549, 0.950961), (0.883293, 0.71912), (0.949728, 0.616324), (0.789787, 0.846761), (0.959267, 0.360652)]
[(0.487691, 0.102185), (0.520607, 1.0), (0.332299, 0.044615), (0.190976, 0.179755), (0.101033, 0.335341), (0.0, 0.614302), (0.380483, 0.990441), (0.142427, 0.811677), (0.061505, 0.719706), (0.253003, 0.922277), (0.036887, 0.474023), (0.636274, 0.0), (0.786643, 0.095763), (0.886972, 0.220922), (1.0, 0.491024), (0.661611, 0.949917), (0.879359, 0.706505), (0.94828, 0.601466), (0.783494, 0.841171), (0.957374, 0.350408)]
[(0.481865, 0.107743), (0.515073, 1.0), (0.327463, 0.046814), (0.187221, 0.18703), (0.098431, 0.354719), (0.0, 0.660117), (0.376358, 0.990073), (0.14144, 0.830222), (0.061561, 0.753605), (0.250117, 0.928355), (0.035622, 0.507217), (0.632407, 0.0), (0.785269, 0.101851), (0.886704, 0.238751), (1.0, 0.533648), (0.656791, 0.952627), (0.87744, 0.727298), (0.94711, 0.63468), (0.780205, 0.850186), (0.957764, 0.380727)]
[(0.509918, 0.097859), (0.546574, 1.0), (0.351627, 0.052069), (0.20118, 0.205872), (0.105281, 0.380436), (0.0, 0.687544), (0.398892, 0.998919), (0.147676, 0.855205), (0.063001, 0.776755), (0.26428, 0.944297), (0.037062, 0.535435), (0.655198, 0.0), (0.802371, 0.105972), (0.896986, 0.243951), (1.0, 0.523161), (0.686731, 0.952156), (0.895509, 0.730722), (0.955855, 0.624864), (0.805606, 0.854829), (0.962137, 0.380992)]
[(0.494971, 0.101599), (0.533226, 1.0), (0.337351, 0.054081), (0.190457, 0.213315), (0.09864, 0.397353), (0.0, 0.723084), (0.387782, 0.999911), (0.142706, 0.869815), (0.060915, 0.801558), (0.256022, 0.949995), (0.034293, 0.561646), (0.641287, 0.0), (0.792504, 0.113271), (0.890402, 0.258175), (1.0, 0.542394), (0.674393, 0.954091), (0.888809, 0.739541), (0.952464, 0.63898), (0.79551, 0.859392), (0.958698, 0.39807)]
[(0.496718, 0.101323), (0.535297, 0.997259), (0.339096, 0.056523), (0.192128, 0.219646), (0.099647, 0.406897), (0.0, 0.738786), (0.391529, 1.0), (0.146045, 0.886086), (0.06285, 0.820057), (0.260418, 0.958697), (0.034816, 0.574247), (0.642947, 0.0), (0.794019, 0.111562), (0.891791, 0.256857), (1.0, 0.546456), (0.674442, 0.951518), (0.886989, 0.745691), (0.951384, 0.64678), (0.794227, 0.860691), (0.959727, 0.398614)]
[(0.50306, 0.100364), (0.541615, 0.99688), (0.345153, 0.056344), (0.1952, 0.21955), (0.100702, 0.408262), (0.0, 0.744821), (0.397048, 1.0), (0.149322, 0.887668), (0.064432, 0.823628), (0.264952, 0.958607), (0.034527, 0.577894), (0.647737, 0.0), (0.797275, 0.111639), (0.893946, 0.258005), (1.0, 0.552927), (0.679442, 0.949782), (0.888454, 0.746811), (0.951885, 0.650572), (0.797505, 0.859386), (0.961135, 0.402478)]
[(0.498973, 0.105618), (0.538981, 1.0), (0.342027, 0.050132), (0.196799, 0.206656), (0.104015, 0.385905), (0.0, 0.700438), (0.395527, 0.995758), (0.149492, 0.855224), (0.064782, 0.78518), (0.264371, 0.941023), (0.037532, 0.544044), (0.643894, 0.0), (0.792629, 0.110679), (0.890644, 0.250416), (1.0, 0.534721), (0.67782, 0.951807), (0.88804, 0.731585), (0.951733, 0.633843), (0.796842, 0.853266), (0.958826, 0.388731)]
[(0.511563, 0.101527), (0.541884, 1.0), (0.354083, 0.034524), (0.20637, 0.174959), (0.110298, 0.340337), (0.0, 0.636103), (0.398247, 0.990639), (0.150358, 0.824653), (0.06477, 0.737022), (0.266499, 0.927367), (0.040544, 0.486362), (0.656276, 0.0), (0.800811, 0.107439), (0.895978, 0.245808), (1.0, 0.537123), (0.680125, 0.956472), (0.889012, 0.737749), (0.952584, 0.640055), (0.798389, 0.860145), (0.961627, 0.385854)]
[(0.51377, 0.100222), (0.534902, 1.0), (0.356231, 0.035043), (0.20526, 0.185688), (0.108021, 0.366592), (0.0, 0.698588), (0.39188, 0.992557), (0.147347, 0.860769), (0.063429, 0.788414), (0.26146, 0.941601), (0.038808, 0.530947), (0.659909, 0.0), (0.805108, 0.118854), (0.898694, 0.270508), (1.0, 0.578303), (0.67261, 0.959099), (0.883894, 0.766599), (0.949612, 0.677416), (0.791333, 0.873243), (0.962807, 0.420498)]
[(0.520129, 0.085123), (0.537084, 1.0), (0.364076, 0.012866), (0.211889, 0.158482), (0.112061, 0.332757), (0.0, 0.644685), (0.394928, 0.982752), (0.149241, 0.829005), (0.064306, 0.7459), (0.264469, 0.922881), (0.040612, 0.487898), (0.666112, 0.0), (0.810643, 0.133834), (0.903593, 0.291875), (1.0, 0.599758), (0.674744, 0.968252), (0.88492, 0.786155), (0.949971, 0.700075), (0.793261, 0.888922), (0.965942, 0.444056)]
[(0.535273, 0.079659), (0.540221, 1.0), (0.380023, 0.002251), (0.224984, 0.128455), (0.120794, 0.283191), (0.0, 0.563379), (0.399131, 0.980249), (0.152235, 0.792064), (0.065573, 0.684975), (0.268547, 0.908479), (0.044622, 0.421821), (0.679476, 0.0), (0.818987, 0.122943), (0.908662, 0.274896), (1.0, 0.583225), (0.675198, 0.970416), (0.883589, 0.779641), (0.949735, 0.688806), (0.79188, 0.888743), (0.96891, 0.426462)]
[(0.535368, 0.080989), (0.537134, 1.0), (0.380726, 0.0), (0.226332, 0.123872), (0.122096, 0.277442), (0.0, 0.553069), (0.397715, 0.976304), (0.152385, 0.781927), (0.065803, 0.674799), (0.267967, 0.901654), (0.045487, 0.414698), (0.681102, 0.004747), (0.820783, 0.133448), (0.910305, 0.29306), (1.0, 0.618966), (0.671332, 0.975172), (0.881177, 0.799996), (0.948518, 0.718506), (0.788252, 0.900461), (0.970098, 0.454339)]
[(0.535976, 0.087941), (0.541048, 1.0), (0.382645, 0.0), (0.227691, 0.131203), (0.122796, 0.292397), (0.0, 0.577361), (0.402359, 0.97295), (0.155906, 0.795765), (0.06763, 0.696431), (0.272923, 0.90437), (0.045576, 0.435243), (0.680515, 0.019175), (0.820326, 0.167052), (0.909819, 0.337869), (1.0, 0.664771), (0.67436, 0.984549), (0.881427, 0.836274), (0.948225, 0.762084), (0.790135, 0.923091), (0.969708, 0.502227)]
[(0.533003, 0.085414), (0.537588, 1.0), (0.379806, 0.0), (0.225365, 0.122692), (0.121584, 0.279128), (0.0, 0.56525), (0.397025, 0.975836), (0.150932, 0.793292), (0.065215, 0.686823), (0.266967, 0.906911), (0.044971, 0.420651), (0.677078, 0.016478), (0.817288, 0.157409), (0.907826, 0.325133), (1.0, 0.658738), (0.672822, 0.980293), (0.882242, 0.828489), (0.949169, 0.75306), (0.789855, 0.916757), (0.969504, 0.491873)]
[(0.533955, 0.086573), (0.534663, 1.0), (0.379171, 0.0), (0.224785, 0.108772), (0.121476, 0.248342), (0.0, 0.50932), (0.391944, 0.970493), (0.14747, 0.757409), (0.063516, 0.638733), (0.261605, 0.887165), (0.045511, 0.375733), (0.679623, 0.018093), (0.81989, 0.145188), (0.910039, 0.295549), (1.0, 0.599046), (0.672996, 0.977959), (0.884492, 0.792486), (0.950439, 0.702146), (0.792048, 0.900742), (0.969922, 0.446029)]
[(0.51299, 0.073927), (0.517218, 1.0), (0.358559, 0.0), (0.209456, 0.106042), (0.112323, 0.245759), (0.0, 0.519412), (0.375479, 0.972369), (0.138863, 0.764066), (0.05971, 0.648304), (0.248037, 0.890579), (0.041888, 0.378272), (0.662959, 0.021382), (0.810419, 0.148779), (0.905597, 0.29387), (1.0, 0.580708), (0.661355, 0.975451), (0.881656, 0.778919), (0.950149, 0.685386), (0.785135, 0.892363), (0.968376, 0.435644)]
[(0.474085, 0.045064), (0.477322, 1.0), (0.322414, 0.0), (0.179943, 0.114212), (0.091505, 0.261231), (0.0, 0.55537), (0.33774, 0.977554), (0.120289, 0.78972), (0.051815, 0.679569), (0.218271, 0.904315), (0.031259, 0.403009), (0.627515, 0.010691), (0.785758, 0.13962), (0.891118, 0.285667), (1.0, 0.587207), (0.628339, 0.97339), (0.867125, 0.788622), (0.945141, 0.695942), (0.759934, 0.894083), (0.964202, 0.433517)]
[(0.499858, 0.048191), (0.4779, 1.0), (0.345287, 0.0), (0.196671, 0.092057), (0.101924, 0.222904), (0.0, 0.516272), (0.33321, 0.976457), (0.111909, 0.778115), (0.045539, 0.654692), (0.210481, 0.90103), (0.035539, 0.360424), (0.653539, 0.024959), (0.805091, 0.137418), (0.903985, 0.269124), (1.0, 0.566436), (0.63162, 0.972073), (0.869786, 0.781597), (0.945974, 0.6826), (0.763193, 0.891904), (0.969792, 0.411772)]
[(0.505869, 0.041381), (0.480522, 1.0), (0.354646, 0.0), (0.204789, 0.093629), (0.10738, 0.22167), (0.0, 0.507659), (0.334821, 0.980818), (0.111738, 0.779049), (0.04505, 0.650015), (0.211214, 0.905376), (0.037825, 0.353912), (0.655852, 0.012568), (0.802264, 0.118616), (0.900578, 0.245885), (1.0, 0.550988), (0.6329, 0.962378), (0.869393, 0.760131), (0.945794, 0.664266), (0.763577, 0.87359), (0.968052, 0.389903)]
[(0.508299, 0.036209), (0.498145, 1.0), (0.353647, 0.014105), (0.20211, 0.131311), (0.105257, 0.26818), (0.0, 0.551513), (0.348497, 0.994524), (0.117402, 0.806942), (0.04771, 0.683914), (0.220868, 0.926306), (0.036399, 0.400778), (0.655308, 0.0), (0.799856, 0.100308), (0.897179, 0.220894), (1.0, 0.502583), (0.650465, 0.947487), (0.880402, 0.718943), (0.951856, 0.616071), (0.778461, 0.844128), (0.965029, 0.35418)]
[(0.512693, 0.044953), (0.523115, 1.0), (0.351439, 0.019372), (0.198578, 0.129197), (0.102375, 0.257252), (0.0, 0.529207), (0.370975, 0.993995), (0.129175, 0.790288), (0.054296, 0.662605), (0.238292, 0.919655), (0.034818, 0.38452), (0.660433, 0.0), (0.804326, 0.092311), (0.899621, 0.204341), (1.0, 0.465948), (0.674325, 0.944401), (0.892868, 0.693204), (0.957066, 0.583056), (0.798224, 0.831063), (0.964996, 0.328953)]
[(0.47766, 0.064958), (0.503179, 1.0), (0.319404, 0.045436), (0.178598, 0.178365), (0.092887, 0.317643), (0.0, 0.581019), (0.35564, 0.999577), (0.120323, 0.80855), (0.04946, 0.695889), (0.226813, 0.928789), (0.033678, 0.44242), (0.627021, 0.0), (0.777846, 0.084994), (0.881238, 0.188273), (1.0, 0.409429), (0.654697, 0.941162), (0.888037, 0.662919), (0.956492, 0.536538), (0.784373, 0.818552), (0.954607, 0.29182)]
[(0.513205, 0.078233), (0.529701, 1.0), (0.359099, 0.031634), (0.21199, 0.14929), (0.114216, 0.284579), (0.0, 0.548739), (0.387248, 0.994344), (0.143994, 0.803726), (0.061583, 0.683288), (0.257339, 0.926271), (0.042776, 0.411632), (0.657364, 0.0), (0.797823, 0.08313), (0.893186, 0.19232), (1.0, 0.445948), (0.66978, 0.948891), (0.885011, 0.697156), (0.95235, 0.577645), (0.789759, 0.839423), (0.960969, 0.310643)]
[(0.511098, 0.064539), (0.53201, 0.998972), (0.357223, 0.030123), (0.210721, 0.167832), (0.113962, 0.315194), (0.0, 0.586387), (0.39246, 1.0), (0.150208, 0.833421), (0.065847, 0.718439), (0.263752, 0.944113), (0.042825, 0.450074), (0.654761, 0.0), (0.799443, 0.09993), (0.896201, 0.220905), (1.0, 0.469839), (0.671799, 0.947688), (0.884521, 0.711009), (0.952006, 0.598294), (0.790201, 0.842568), (0.963645, 0.34215)]
[(0.485679, 0.075002), (0.500843, 0.992185), (0.335863, 0.044998), (0.195819, 0.190067), (0.105552, 0.343984), (0.0, 0.614631), (0.364275, 1.0), (0.134851, 0.846751), (0.058571, 0.738707), (0.24084, 0.950441), (0.038844, 0.480089), (0.629296, 0.0), (0.778704, 0.09952), (0.88206, 0.218695), (1.0, 0.464378), (0.643554, 0.934617), (0.87145, 0.694901), (0.946297, 0.584648), (0.768505, 0.826422), (0.957511, 0.338733)]
[(0.478312, 0.071495), (0.500797, 0.997692), (0.32626, 0.040593), (0.186984, 0.178852), (0.099407, 0.33012), (0.0, 0.602942), (0.362986, 1.0), (0.13398, 0.833256), (0.058365, 0.724787), (0.239305, 0.942523), (0.036232, 0.465756), (0.624893, 0.0), (0.777912, 0.097201), (0.882267, 0.213855), (1.0, 0.45048), (0.64539, 0.943799), (0.874405, 0.694767), (0.948041, 0.576057), (0.771541, 0.833916), (0.957369, 0.328555)]
[(0.523685, 0.072195), (0.513718, 1.0), (0.364305, 0.022993), (0.20738, 0.134761), (0.107031, 0.280463), (0.0, 0.59637), (0.363866, 0.998596), (0.125544, 0.827538), (0.051653, 0.718333), (0.233344, 0.938432), (0.036138, 0.430396), (0.673359, 0.0), (0.816203, 0.085498), (0.907069, 0.205899), (1.0, 0.518637), (0.659738, 0.949421), (0.881869, 0.727617), (0.950984, 0.628509), (0.783508, 0.852028), (0.969409, 0.349827)]
[(0.530406, 0.071165), (0.515647, 0.998828), (0.37013, 0.022665), (0.209359, 0.130685), (0.106151, 0.277017), (0.0, 0.607548), (0.362462, 1.0), (0.122109, 0.837782), (0.048993, 0.729588), (0.230411, 0.943896), (0.034366, 0.432313), (0.679969, 0.0), (0.820585, 0.08026), (0.909801, 0.199343), (1.0, 0.529355), (0.661925, 0.947992), (0.883577, 0.735482), (0.952211, 0.637839), (0.785625, 0.855406), (0.971029, 0.349077)]
[(0.47912, 0.079323), (0.487436, 0.984042), (0.327593, 0.05844), (0.187325, 0.210508), (0.098696, 0.371435), (0.0, 0.65917), (0.348433, 1.0), (0.123651, 0.867282), (0.052744, 0.771472), (0.225853, 0.95926), (0.03473, 0.515313), (0.624977, 0.0), (0.776258, 0.090059), (0.880639, 0.205242), (1.0, 0.46193), (0.632523, 0.92166), (0.867464, 0.685409), (0.945246, 0.578174), (0.760609, 0.81455), (0.957499, 0.327445)]
[(0.47604, 0.065444), (0.494897, 0.991392), (0.323695, 0.044453), (0.184074, 0.184728), (0.096888, 0.339036), (0.0, 0.625877), (0.355521, 1.0), (0.128068, 0.854802), (0.054876, 0.748765), (0.231924, 0.953631), (0.034089, 0.480193), (0.622964, 0.0), (0.777498, 0.093615), (0.883438, 0.212118), (1.0, 0.465955), (0.642516, 0.935277), (0.875313, 0.701915), (0.949539, 0.588884), (0.77077, 0.83127), (0.959118, 0.333887)]
[(0.500508, 0.045958), (0.503291, 1.0), (0.343306, 0.009829), (0.194356, 0.129551), (0.100073, 0.275168), (0.0, 0.565055), (0.356932, 0.98735), (0.126241, 0.805963), (0.053081, 0.693247), (0.230875, 0.918857), (0.034789, 0.414217), (0.651858, 0.0), (0.802646, 0.10418), (0.901563, 0.234268), (1.0, 0.525725), (0.653418, 0.959427), (0.881962, 0.752408), (0.95256, 0.647149), (0.780798, 0.869154), (0.968163, 0.373739)]
[(0.508899, 0.043751), (0.501391, 1.0), (0.348186, 0.0), (0.194285, 0.099195), (0.097396, 0.236633), (0.0, 0.537347), (0.350534, 0.979214), (0.117662, 0.783193), (0.047511, 0.666081), (0.222209, 0.903265), (0.032301, 0.377854), (0.665747, 0.009334), (0.817813, 0.111633), (0.913464, 0.241321), (1.0, 0.53998), (0.655573, 0.96597), (0.885564, 0.762254), (0.954176, 0.658017), (0.784923, 0.879362), (0.974905, 0.382794)]
[(0.50544, 0.046318), (0.495457, 1.0), (0.351115, 0.0), (0.199422, 0.08447), (0.102251, 0.208227), (0.0, 0.499072), (0.346726, 0.981501), (0.116491, 0.774547), (0.047321, 0.643173), (0.219643, 0.903513), (0.034916, 0.343265), (0.65838, 0.005633), (0.807434, 0.096064), (0.904597, 0.210003), (1.0, 0.491043), (0.647058, 0.959834), (0.877695, 0.732009), (0.949725, 0.617358), (0.776105, 0.862915), (0.970159, 0.340981)]
[(0.464312, 0.048625), (0.477153, 1.0), (0.312621, 0.013573), (0.171482, 0.113853), (0.08548, 0.242653), (0.0, 0.528935), (0.330511, 0.985521), (0.10784, 0.78395), (0.043449, 0.658393), (0.206713, 0.90843), (0.028127, 0.373937), (0.614405, 0.0), (0.769885, 0.102194), (0.87775, 0.213865), (1.0, 0.47788), (0.633075, 0.955547), (0.875713, 0.714608), (0.950766, 0.597683), (0.767343, 0.852273), (0.955628, 0.336801)]
[(0.494312, 0.057022), (0.511987, 1.0), (0.338034, 0.02623), (0.187205, 0.139384), (0.093863, 0.273876), (0.0, 0.556585), (0.358813, 0.992873), (0.119967, 0.795), (0.048972, 0.676086), (0.226657, 0.91851), (0.03058, 0.406029), (0.642092, 0.0), (0.790569, 0.091722), (0.889616, 0.201341), (1.0, 0.461143), (0.664583, 0.94613), (0.890329, 0.691106), (0.956573, 0.575256), (0.792295, 0.834399), (0.960551, 0.322365)]
[(0.454137, 0.070542), (0.510377, 0.993159), (0.301152, 0.055724), (0.167146, 0.190099), (0.085621, 0.336939), (0.0, 0.63699), (0.36125, 1.0), (0.123352, 0.849043), (0.05135, 0.748302), (0.231057, 0.947586), (0.029544, 0.477387), (0.599227, 0.0), (0.754976, 0.088446), (0.865538, 0.187625), (1.0, 0.424092), (0.662521, 0.932397), (0.892334, 0.668695), (0.959503, 0.546007), (0.791402, 0.817396), (0.948262, 0.294394)]
[(0.558077, 0.056945), (0.588937, 0.999129), (0.403073, 0.023319), (0.248794, 0.171053), (0.140236, 0.313382), (0.0, 0.576934), (0.433672, 1.0), (0.157323, 0.805822), (0.065141, 0.692908), (0.287014, 0.929017), (0.054698, 0.440403), (0.69244, 0.0), (0.822971, 0.122193), (0.907238, 0.244582), (1.0, 0.466936), (0.729039, 0.943726), (0.917602, 0.671309), (0.967071, 0.562541), (0.839039, 0.821983), (0.964364, 0.352915)]
[(0.526025, 0.075836), (0.528023, 1.0), (0.377642, 0.008877), (0.233941, 0.121272), (0.133512, 0.213562), (0.0, 0.376083), (0.377568, 0.972146), (0.129496, 0.683586), (0.052493, 0.524283), (0.243522, 0.858886), (0.054169, 0.288179), (0.664821, 0.0), (0.795526, 0.10256), (0.885472, 0.202039), (1.0, 0.386327), (0.674636, 0.946235), (0.891098, 0.64646), (0.955353, 0.517053), (0.794851, 0.809268), (0.953719, 0.288268)]
[(0.460513, 0.036627), (0.482708, 1.0), (0.310727, 0.0), (0.172191, 0.076053), (0.088567, 0.154057), (0.0, 0.317806), (0.322336, 0.962356), (0.091956, 0.676149), (0.032292, 0.483933), (0.191735, 0.854615), (0.028501, 0.224537), (0.608661, 0.004788), (0.75773, 0.093109), (0.86284, 0.179033), (1.0, 0.375765), (0.648374, 0.966299), (0.898592, 0.697515), (0.963361, 0.528612), (0.788885, 0.862229), (0.948115, 0.269219)]
[(0.472495, 0.021728), (0.47646, 1.0), (0.306588, 0.0), (0.158484, 0.068779), (0.073646, 0.144996), (0.0, 0.306445), (0.30403, 0.957463), (0.074573, 0.671974), (0.025036, 0.479858), (0.169055, 0.850471), (0.019244, 0.215858), (0.634196, 0.000799), (0.78857, 0.071149), (0.888241, 0.155919), (1.0, 0.355425), (0.650426, 0.969888), (0.906741, 0.706868), (0.966985, 0.526322), (0.796764, 0.874007), (0.960619, 0.248829)]
[(0.477158, 0.033142), (0.480812, 1.0), (0.314494, 0.005091), (0.166841, 0.074686), (0.079668, 0.155318), (0.0, 0.333637), (0.31114, 0.9643), (0.078962, 0.692498), (0.026404, 0.504754), (0.175605, 0.863885), (0.022555, 0.236575), (0.638408, 0.0), (0.793428, 0.068538), (0.89105, 0.154162), (1.0, 0.356195), (0.6485, 0.973128), (0.903273, 0.714795), (0.966138, 0.529628), (0.793268, 0.882436), (0.961266, 0.248191)]
[(0.466255, 0.041902), (0.489878, 1.0), (0.308514, 0.0), (0.163085, 0.080125), (0.081076, 0.159264), (0.0, 0.323163), (0.321121, 0.956583), (0.085809, 0.657531), (0.029949, 0.478737), (0.185241, 0.840149), (0.026499, 0.230499), (0.617858, 0.014541), (0.768307, 0.117833), (0.87083, 0.217235), (1.0, 0.417238), (0.654773, 0.971674), (0.902484, 0.708065), (0.964676, 0.556823), (0.794641, 0.869685), (0.950049, 0.31137)]
[(0.441285, 0.025537), (0.550601, 1.0), (0.253678, 0.0), (0.096759, 0.068975), (0.027511, 0.156184), (0.008159, 0.322901), (0.358056, 0.94502), (0.099066, 0.637553), (0.04388, 0.467797), (0.205389, 0.821079), (0.0, 0.232581), (0.616337, 0.012106), (0.789651, 0.103618), (0.899077, 0.205488), (1.0, 0.396519), (0.725098, 0.977067), (0.954819, 0.701884), (0.988478, 0.53719), (0.86634, 0.876026), (0.968364, 0.297942)]
[(0.504561, 0.073103), (0.537512, 1.0), (0.338874, 0.046536), (0.183475, 0.160377), (0.089516, 0.285119), (0.0, 0.525517), (0.377562, 0.992219), (0.123312, 0.77392), (0.04968, 0.645942), (0.236903, 0.913385), (0.026956, 0.399825), (0.656027, 0.0), (0.804481, 0.074025), (0.898828, 0.172464), (1.0, 0.391449), (0.685345, 0.942775), (0.903175, 0.655109), (0.961556, 0.515375), (0.809513, 0.821434), (0.963633, 0.273784)]
[(0.524393, 0.079046), (0.551668, 0.984614), (0.361898, 0.070259), (0.203496, 0.210067), (0.103879, 0.351005), (0.0, 0.621044), (0.396171, 1.0), (0.140034, 0.838187), (0.058652, 0.73312), (0.257053, 0.946206), (0.034442, 0.479654), (0.668885, 0.0), (0.811086, 0.067038), (0.903145, 0.165457), (1.0, 0.407779), (0.694256, 0.913714), (0.900878, 0.643256), (0.961202, 0.526489), (0.811871, 0.791338), (0.966721, 0.276053)]
[(0.512287, 0.060935), (0.550609, 0.984128), (0.351986, 0.054138), (0.197891, 0.195123), (0.101038, 0.342202), (0.0, 0.629716), (0.395992, 1.0), (0.141672, 0.850583), (0.059609, 0.746136), (0.258357, 0.950924), (0.033408, 0.480869), (0.655441, 0.0), (0.799198, 0.081585), (0.894356, 0.187318), (1.0, 0.441448), (0.695231, 0.920899), (0.90312, 0.672663), (0.963268, 0.559977), (0.813499, 0.809734), (0.962565, 0.305528)]
[(0.506914, 0.070813), (0.550893, 0.98084), (0.34956, 0.071992), (0.199244, 0.225883), (0.102781, 0.377238), (0.0, 0.656192), (0.397985, 1.0), (0.143041, 0.858166), (0.060215, 0.76285), (0.260679, 0.953464), (0.034442, 0.512171), (0.648405, 0.0), (0.792117, 0.075345), (0.88934, 0.178405), (1.0, 0.431644), (0.694557, 0.910187), (0.901366, 0.655578), (0.962506, 0.547181), (0.811941, 0.792525), (0.960154, 0.294151)]
[(0.486172, 0.067933), (0.559639, 0.986048), (0.328173, 0.067314), (0.181967, 0.213694), (0.090882, 0.359697), (0.0, 0.635654), (0.402686, 1.0), (0.142734, 0.844614), (0.059183, 0.745374), (0.262492, 0.947251), (0.028196, 0.491911), (0.628024, 0.0), (0.775155, 0.079155), (0.876198, 0.177365), (1.0, 0.411545), (0.705159, 0.915089), (0.908848, 0.64952), (0.966407, 0.532257), (0.822115, 0.795241), (0.951675, 0.284268)]
[(0.508984, 0.072511), (0.556098, 0.985435), (0.349372, 0.064918), (0.196652, 0.199292), (0.099459, 0.341302), (0.0, 0.623715), (0.399974, 1.0), (0.141645, 0.842523), (0.058131, 0.737956), (0.260907, 0.946579), (0.031527, 0.475825), (0.651631, 0.0), (0.794062, 0.066186), (0.888933, 0.16083), (1.0, 0.41766), (0.700207, 0.914396), (0.90471, 0.65534), (0.963803, 0.538849), (0.81671, 0.797016), (0.958435, 0.275823)]
[(0.466641, 0.082625), (0.520291, 0.992572), (0.310496, 0.066113), (0.174507, 0.183105), (0.090522, 0.309343), (0.0, 0.561029), (0.372464, 1.0), (0.132573, 0.813468), (0.056169, 0.690712), (0.2417, 0.934707), (0.031275, 0.428265), (0.614191, 0.0), (0.766626, 0.05721), (0.872723, 0.140004), (1.0, 0.358343), (0.670791, 0.919155), (0.89314, 0.625164), (0.958698, 0.491307), (0.79602, 0.786512), (0.951274, 0.237153)]
[(0.414081, 0.076254), (0.470389, 0.997019), (0.265482, 0.068044), (0.141644, 0.206952), (0.069988, 0.357809), (0.0, 0.631659), (0.332577, 1.0), (0.116621, 0.834795), (0.049932, 0.737445), (0.213623, 0.939691), (0.021409, 0.493181), (0.564297, 0.0), (0.734391, 0.081746), (0.855629, 0.183723), (1.0, 0.407876), (0.624628, 0.932741), (0.870891, 0.657964), (0.948664, 0.531307), (0.759803, 0.810008), (0.94656, 0.287414)]
[(0.440589, 0.082545), (0.485141, 1.0), (0.291519, 0.046636), (0.16407, 0.172826), (0.085742, 0.317741), (0.0, 0.58715), (0.347917, 0.994785), (0.126006, 0.819848), (0.054706, 0.711001), (0.22721, 0.931384), (0.030482, 0.449956), (0.589883, 0.0), (0.751351, 0.093351), (0.865056, 0.206475), (1.0, 0.455918), (0.633286, 0.946668), (0.870515, 0.696728), (0.946804, 0.578657), (0.763911, 0.836226), (0.949067, 0.323838)]
[(0.497978, 0.083581), (0.520094, 1.0), (0.342881, 0.021545), (0.197569, 0.145563), (0.10434, 0.296145), (0.0, 0.573475), (0.377571, 0.986975), (0.13831, 0.801359), (0.05906, 0.692724), (0.249195, 0.918195), (0.037478, 0.432924), (0.645099, 0.0), (0.794334, 0.10901), (0.893042, 0.243574), (1.0, 0.529129), (0.662041, 0.962062), (0.882964, 0.746368), (0.951175, 0.640409), (0.785447, 0.870812), (0.96184, 0.381939)]
[(0.491313, 0.079358), (0.513964, 1.0), (0.337535, 0.008724), (0.194282, 0.141219), (0.102729, 0.302524), (0.0, 0.590384), (0.373868, 0.981066), (0.137786, 0.802065), (0.05933, 0.702751), (0.247476, 0.912484), (0.037166, 0.445972), (0.639016, 0.0), (0.790407, 0.131052), (0.890418, 0.279868), (1.0, 0.569181), (0.656357, 0.969996), (0.879976, 0.773553), (0.949032, 0.675129), (0.781274, 0.888423), (0.96009, 0.422757)]
[(0.50653, 0.074099), (0.520995, 1.0), (0.353741, 0.0096), (0.205916, 0.166659), (0.109906, 0.350063), (0.0, 0.674878), (0.382393, 0.981732), (0.143576, 0.838778), (0.061579, 0.765643), (0.255248, 0.925147), (0.039909, 0.511564), (0.6503, 0.0), (0.796478, 0.153898), (0.893403, 0.323501), (1.0, 0.64379), (0.659493, 0.975313), (0.878967, 0.818883), (0.947581, 0.738325), (0.781472, 0.910399), (0.961131, 0.483849)]
[(0.524919, 0.072085), (0.535784, 1.0), (0.36862, 0.009625), (0.217727, 0.172761), (0.117977, 0.361508), (0.0, 0.688027), (0.395019, 0.98808), (0.147575, 0.844636), (0.062847, 0.773902), (0.263377, 0.933976), (0.043695, 0.527949), (0.672928, 0.0), (0.819026, 0.161692), (0.909658, 0.344084), (1.0, 0.670509), (0.677031, 0.973165), (0.890427, 0.814502), (0.95302, 0.746855), (0.797941, 0.904119), (0.968535, 0.511419)]
[(0.540188, 0.07898), (0.54709, 1.0), (0.385271, 0.0), (0.23134, 0.16477), (0.12649, 0.351625), (0.0, 0.671976), (0.40671, 0.97402), (0.155959, 0.826335), (0.067499, 0.760505), (0.274231, 0.912551), (0.048576, 0.514468), (0.684458, 0.009874), (0.822162, 0.183494), (0.909124, 0.369878), (1.0, 0.694524), (0.681203, 0.987748), (0.890411, 0.851969), (0.95273, 0.780546), (0.798805, 0.935195), (0.967451, 0.535211)]
[(0.54033, 0.075534), (0.537559, 1.0), (0.386099, 0.0), (0.232847, 0.175018), (0.127987, 0.364992), (0.0, 0.683538), (0.399048, 0.979853), (0.15179, 0.84107), (0.065925, 0.774112), (0.268363, 0.924675), (0.049912, 0.526643), (0.683813, 0.007173), (0.81974, 0.18339), (0.906697, 0.371203), (1.0, 0.693311), (0.670406, 0.985206), (0.883995, 0.85076), (0.949801, 0.782084), (0.789061, 0.932421), (0.966415, 0.535235)]
[(0.510183, 0.084974), (0.509453, 1.0), (0.359257, 0.0), (0.212313, 0.158989), (0.114955, 0.345084), (0.0, 0.675489), (0.374753, 0.977108), (0.140531, 0.847958), (0.060552, 0.774692), (0.250347, 0.927854), (0.043329, 0.508338), (0.655474, 0.016085), (0.798218, 0.191835), (0.893402, 0.380935), (1.0, 0.734127), (0.645643, 0.991852), (0.871265, 0.887448), (0.944321, 0.825237), (0.769226, 0.95297), (0.961069, 0.557785)]
[(0.489676, 0.072195), (0.486692, 1.0), (0.341643, 0.0), (0.197221, 0.17113), (0.104319, 0.369941), (0.0, 0.712295), (0.351785, 0.983947), (0.127097, 0.878397), (0.054015, 0.806751), (0.231127, 0.946236), (0.037331, 0.542677), (0.6344, 0.012086), (0.783029, 0.197184), (0.884355, 0.392376), (1.0, 0.753561), (0.626309, 0.994003), (0.862823, 0.903775), (0.94135, 0.842), (0.754361, 0.962668), (0.95869, 0.575851)]
[(0.518182, 0.052696), (0.493374, 1.0), (0.366726, 0.001108), (0.210175, 0.152264), (0.108747, 0.321035), (0.0, 0.614917), (0.350084, 0.984431), (0.119399, 0.817063), (0.049054, 0.718164), (0.224258, 0.922241), (0.037587, 0.468414), (0.664331, 0.0), (0.810517, 0.149595), (0.905189, 0.31839), (1.0, 0.635698), (0.636601, 0.972879), (0.868225, 0.804138), (0.943759, 0.725808), (0.763579, 0.900431), (0.97097, 0.480545)]
[(0.473592, 0.033316), (0.458938, 1.0), (0.324447, 0.003063), (0.184561, 0.123933), (0.098429, 0.248314), (0.0, 0.48808), (0.316462, 0.978129), (0.101937, 0.756974), (0.041585, 0.620995), (0.197179, 0.894329), (0.037106, 0.361585), (0.620798, 0.0), (0.774629, 0.117864), (0.882187, 0.239563), (1.0, 0.47597), (0.61484, 0.966487), (0.866613, 0.728424), (0.946415, 0.605049), (0.75157, 0.867033), (0.959504, 0.356535)]
[(0.445608, 0.04104), (0.471934, 1.0), (0.296948, 0.008711), (0.167385, 0.110902), (0.087895, 0.218617), (0.0, 0.446091), (0.328036, 0.974517), (0.107814, 0.731165), (0.044813, 0.586698), (0.205856, 0.880385), (0.032497, 0.321675), (0.593529, 0.0), (0.751612, 0.101527), (0.864678, 0.195016), (1.0, 0.387187), (0.629137, 0.959292), (0.876354, 0.674223), (0.951891, 0.529612), (0.765359, 0.840172), (0.949012, 0.2838)]
[(0.457345, 0.056552), (0.508658, 1.0), (0.304253, 0.040803), (0.17179, 0.161526), (0.090036, 0.281442), (0.0, 0.527786), (0.360114, 0.99354), (0.124378, 0.787329), (0.052949, 0.658224), (0.23079, 0.916778), (0.032624, 0.394083), (0.601477, 0.0), (0.755908, 0.08886), (0.865803, 0.178783), (1.0, 0.378495), (0.661552, 0.943771), (0.891735, 0.655774), (0.959357, 0.516104), (0.790483, 0.819839), (0.948339, 0.26937)]
[(0.395787, 0.057612), (0.5021, 1.0), (0.243544, 0.061656), (0.124892, 0.192459), (0.059791, 0.318032), (0.0, 0.569685), (0.349166, 0.989074), (0.115693, 0.793147), (0.049105, 0.681489), (0.219235, 0.911515), (0.019969, 0.431931), (0.542615, 0.0), (0.711204, 0.079592), (0.836992, 0.152484), (1.0, 0.331588), (0.660658, 0.942141), (0.901663, 0.638287), (0.966971, 0.479982), (0.795837, 0.816706), (0.933948, 0.230231)]
[(0.467475, 0.052703), (0.527202, 0.996587), (0.310767, 0.052757), (0.172085, 0.187519), (0.087225, 0.322982), (0.0, 0.597097), (0.372222, 1.0), (0.126135, 0.828466), (0.051732, 0.714948), (0.237613, 0.93954), (0.02896, 0.45104), (0.611467, 0.0), (0.762982, 0.091719), (0.869228, 0.18669), (1.0, 0.419898), (0.679689, 0.937191), (0.902605, 0.674304), (0.964452, 0.545762), (0.805666, 0.824375), (0.948771, 0.293496)]
[(0.441057, 0.060227), (0.491345, 0.99075), (0.28952, 0.063256), (0.160629, 0.208288), (0.083789, 0.352348), (0.0, 0.615208), (0.349366, 1.0), (0.123818, 0.837565), (0.05338, 0.730376), (0.225761, 0.944102), (0.029333, 0.480357), (0.588988, 0.0), (0.750442, 0.081962), (0.864709, 0.174593), (1.0, 0.377179), (0.644858, 0.919636), (0.88016, 0.636836), (0.953335, 0.507091), (0.774723, 0.790961), (0.949922, 0.268389)]
[(0.421074, 0.082833), (0.450665, 0.982457), (0.275915, 0.076322), (0.151217, 0.232676), (0.077449, 0.400771), (0.0, 0.716995), (0.319356, 1.0), (0.112865, 0.896933), (0.049718, 0.816838), (0.205255, 0.971165), (0.025611, 0.557171), (0.573137, 0.0), (0.742095, 0.098294), (0.860359, 0.21808), (1.0, 0.491982), (0.60222, 0.918038), (0.855226, 0.6959), (0.940987, 0.601414), (0.738856, 0.812233), (0.950069, 0.346013)]
[(0.489558, 0.07095), (0.509954, 0.998183), (0.336574, 0.035929), (0.190493, 0.206907), (0.099345, 0.395962), (0.0, 0.734798), (0.371041, 1.0), (0.137109, 0.893697), (0.0587, 0.823928), (0.245161, 0.962683), (0.034189, 0.567698), (0.637299, 0.0), (0.791767, 0.135841), (0.892449, 0.291858), (1.0, 0.602302), (0.651849, 0.960537), (0.876912, 0.785978), (0.94794, 0.700006), (0.77657, 0.883423), (0.963033, 0.445382)]
[(0.507515, 0.08824), (0.541545, 0.999261), (0.351948, 0.046876), (0.203568, 0.2102), (0.107634, 0.394537), (0.0, 0.71779), (0.397421, 1.0), (0.147953, 0.879818), (0.063193, 0.808132), (0.264707, 0.956217), (0.038417, 0.55847), (0.651512, 0.0), (0.800239, 0.117629), (0.897155, 0.264785), (1.0, 0.555264), (0.680311, 0.962717), (0.893245, 0.767536), (0.955344, 0.663354), (0.800764, 0.881385), (0.96351, 0.407495)]
[(0.551801, 0.085399), (0.560901, 0.99158), (0.391428, 0.037685), (0.23018, 0.247282), (0.123795, 0.471138), (0.0, 0.845929), (0.417854, 1.0), (0.159674, 0.937011), (0.068762, 0.905911), (0.281671, 0.979939), (0.045771, 0.664951), (0.694727, 0.0), (0.832977, 0.154942), (0.918398, 0.343477), (1.0, 0.688669), (0.692996, 0.959536), (0.89524, 0.825827), (0.955242, 0.76694), (0.807164, 0.900424), (0.973387, 0.519281)]
[(0.54129, 0.086661), (0.551778, 0.996963), (0.382606, 0.029461), (0.227185, 0.228062), (0.123186, 0.439144), (0.0, 0.78387), (0.410637, 1.0), (0.155536, 0.904702), (0.067204, 0.85613), (0.275764, 0.968347), (0.046956, 0.618561), (0.686714, 0.0), (0.826462, 0.156571), (0.913228, 0.338267), (1.0, 0.651338), (0.687374, 0.962028), (0.89382, 0.799676), (0.954347, 0.73331), (0.804046, 0.889122), (0.969694, 0.498899)]
[(0.519055, 0.091297), (0.54499, 0.997836), (0.361691, 0.048241), (0.210872, 0.23536), (0.112717, 0.435853), (0.0, 0.772325), (0.403208, 1.0), (0.153725, 0.899741), (0.066738, 0.84728), (0.270665, 0.963914), (0.041476, 0.608657), (0.664923, 0.0), (0.810477, 0.136802), (0.903564, 0.300336), (1.0, 0.608856), (0.682392, 0.956671), (0.890025, 0.775862), (0.952032, 0.698515), (0.800211, 0.874232), (0.965593, 0.454813)]
[(0.52766, 0.084402), (0.551148, 0.994398), (0.369132, 0.04956), (0.214117, 0.246277), (0.114255, 0.453615), (0.0, 0.8048), (0.408059, 1.0), (0.155741, 0.916398), (0.067246, 0.872802), (0.274216, 0.969383), (0.041369, 0.633958), (0.673074, 0.0), (0.817707, 0.13801), (0.90877, 0.305675), (1.0, 0.63157), (0.687502, 0.952726), (0.891381, 0.784528), (0.952445, 0.715679), (0.803578, 0.874319), (0.96863, 0.468445)]
[(0.52767, 0.088162), (0.550177, 0.992241), (0.370221, 0.050378), (0.215951, 0.245793), (0.11522, 0.452951), (0.0, 0.801395), (0.40785, 1.0), (0.155714, 0.914955), (0.067575, 0.870901), (0.274301, 0.970853), (0.042, 0.631841), (0.672947, 0.0), (0.815703, 0.136096), (0.906396, 0.300026), (1.0, 0.615607), (0.685862, 0.948217), (0.889659, 0.772093), (0.951584, 0.702463), (0.8016, 0.865615), (0.967068, 0.456731)]
[(0.498944, 0.094268), (0.533748, 0.994051), (0.343451, 0.053822), (0.197295, 0.241907), (0.103975, 0.447697), (0.0, 0.797753), (0.392823, 1.0), (0.147931, 0.909556), (0.064021, 0.86451), (0.262321, 0.967722), (0.036965, 0.62726), (0.645117, 0.0), (0.796041, 0.132979), (0.894463, 0.290736), (1.0, 0.591761), (0.672932, 0.950025), (0.885964, 0.760907), (0.950574, 0.67985), (0.793274, 0.864346), (0.961817, 0.440075)]
[(0.501504, 0.095691), (0.539598, 0.995488), (0.344365, 0.055228), (0.197579, 0.232582), (0.104133, 0.428375), (0.0, 0.767531), (0.396704, 1.0), (0.149066, 0.893863), (0.064062, 0.84085), (0.264676, 0.960876), (0.036936, 0.600702), (0.647257, 0.0), (0.797076, 0.121666), (0.895346, 0.2663), (1.0, 0.552202), (0.679716, 0.947016), (0.890406, 0.737368), (0.95288, 0.647052), (0.79968, 0.852463), (0.962001, 0.406664)]
[(0.498265, 0.088522), (0.539198, 1.0), (0.340358, 0.043823), (0.194086, 0.207764), (0.102107, 0.392519), (0.0, 0.711006), (0.397281, 0.997727), (0.149972, 0.861095), (0.064815, 0.793223), (0.265386, 0.946554), (0.036219, 0.556775), (0.646975, 0.0), (0.799542, 0.119096), (0.898042, 0.2663), (1.0, 0.552497), (0.679848, 0.958205), (0.892138, 0.74398), (0.954261, 0.648724), (0.800719, 0.86487), (0.963813, 0.409129)]
[(0.504301, 0.085193), (0.538763, 1.0), (0.347261, 0.036072), (0.199247, 0.203133), (0.105014, 0.398236), (0.0, 0.74547), (0.395387, 0.997207), (0.148597, 0.883397), (0.064177, 0.823777), (0.263697, 0.954091), (0.037214, 0.574048), (0.651355, 0.0), (0.802066, 0.13417), (0.899391, 0.292775), (1.0, 0.604543), (0.680073, 0.961958), (0.89187, 0.776618), (0.95372, 0.69288), (0.80082, 0.88021), (0.964675, 0.446947)]
[(0.495439, 0.095905), (0.527995, 1.0), (0.339506, 0.046838), (0.194664, 0.226934), (0.102307, 0.428321), (0.0, 0.771215), (0.387761, 0.999791), (0.145136, 0.894833), (0.062602, 0.843809), (0.258351, 0.96083), (0.036441, 0.603353), (0.643234, 0.0), (0.795059, 0.13523), (0.893875, 0.293853), (1.0, 0.592917), (0.668273, 0.957783), (0.884751, 0.766315), (0.950162, 0.683522), (0.790347, 0.872005), (0.961086, 0.442408)]
[(0.500557, 0.108176), (0.535822, 0.994479), (0.343843, 0.062), (0.199395, 0.244228), (0.106315, 0.443747), (0.0, 0.781807), (0.393419, 1.0), (0.147257, 0.89945), (0.06359, 0.850427), (0.262081, 0.96363), (0.038908, 0.617157), (0.646687, 0.0), (0.795707, 0.122971), (0.893069, 0.270869), (1.0, 0.553834), (0.675939, 0.943689), (0.888432, 0.733465), (0.951771, 0.645663), (0.796479, 0.847659), (0.959798, 0.410911)]
[(0.492205, 0.104449), (0.530546, 0.997629), (0.335157, 0.055284), (0.191852, 0.223313), (0.100943, 0.419214), (0.0, 0.769023), (0.386825, 1.0), (0.14261, 0.895258), (0.061155, 0.842371), (0.255913, 0.960585), (0.036071, 0.596305), (0.63962, 0.0), (0.791061, 0.11909), (0.890466, 0.263791), (1.0, 0.553825), (0.673241, 0.950624), (0.889836, 0.743491), (0.95317, 0.649716), (0.796235, 0.858689), (0.959281, 0.405251)]
[(0.497172, 0.10432), (0.537218, 1.0), (0.340501, 0.046771), (0.196985, 0.205537), (0.104756, 0.390075), (0.0, 0.713725), (0.394722, 0.996983), (0.148768, 0.863956), (0.064642, 0.798566), (0.263822, 0.946431), (0.038378, 0.554144), (0.643683, 0.0), (0.793252, 0.116856), (0.891823, 0.258147), (1.0, 0.5375), (0.677794, 0.95382), (0.890123, 0.735161), (0.953076, 0.639149), (0.798579, 0.856817), (0.959556, 0.394703)]
[(0.487387, 0.0968), (0.527241, 1.0), (0.330946, 0.041001), (0.188758, 0.195309), (0.0988, 0.377957), (0.0, 0.695559), (0.38721, 0.994973), (0.145574, 0.852092), (0.063061, 0.782996), (0.258385, 0.940602), (0.035297, 0.539938), (0.636472, 0.0), (0.789303, 0.11941), (0.890001, 0.26196), (1.0, 0.537507), (0.668183, 0.95505), (0.884794, 0.734462), (0.95063, 0.638496), (0.790632, 0.857768), (0.959115, 0.397933)]
[(0.508856, 0.097728), (0.539013, 0.999273), (0.351661, 0.047964), (0.203934, 0.223187), (0.108056, 0.416363), (0.0, 0.741887), (0.396343, 1.0), (0.148198, 0.882462), (0.0638, 0.821683), (0.264303, 0.95724), (0.039326, 0.583103), (0.65499, 0.0), (0.801128, 0.13008), (0.896151, 0.280238), (1.0, 0.563734), (0.677906, 0.953483), (0.889474, 0.749281), (0.95229, 0.660189), (0.797723, 0.862124), (0.960959, 0.421765)]
[(0.501298, 0.086742), (0.536171, 0.998641), (0.343258, 0.040255), (0.197075, 0.212674), (0.104448, 0.40381), (0.0, 0.72815), (0.394901, 1.0), (0.149155, 0.877459), (0.064684, 0.812389), (0.264239, 0.956168), (0.037697, 0.571046), (0.649302, 0.0), (0.800435, 0.12836), (0.898449, 0.28127), (1.0, 0.570504), (0.675477, 0.957075), (0.888591, 0.755893), (0.952768, 0.666824), (0.796138, 0.868531), (0.964085, 0.426463)]
[(0.486978, 0.100877), (0.52735, 0.994638), (0.330804, 0.058059), (0.189251, 0.224757), (0.099621, 0.409701), (0.0, 0.725376), (0.3873, 1.0), (0.145034, 0.877616), (0.062694, 0.810798), (0.258058, 0.958076), (0.03587, 0.571771), (0.636252, 0.0), (0.788886, 0.113357), (0.88935, 0.250564), (1.0, 0.517086), (0.669095, 0.942958), (0.885618, 0.716477), (0.950796, 0.619017), (0.791615, 0.841255), (0.958341, 0.382354)]
[(0.498842, 0.103505), (0.539072, 0.986086), (0.341901, 0.077714), (0.195812, 0.261899), (0.103251, 0.457656), (0.0, 0.790777), (0.395297, 1.0), (0.147232, 0.902347), (0.062935, 0.85457), (0.262556, 0.965599), (0.036493, 0.628663), (0.644206, 0.0), (0.794214, 0.111721), (0.892426, 0.252908), (1.0, 0.535728), (0.679502, 0.929104), (0.890369, 0.710579), (0.952876, 0.622877), (0.79905, 0.827682), (0.960167, 0.39219)]
[(0.560857, 0.090391), (0.577491, 0.976703), (0.397415, 0.06499), (0.236846, 0.263027), (0.130112, 0.461482), (0.0, 0.788742), (0.431373, 1.0), (0.163663, 0.912156), (0.070748, 0.860415), (0.290165, 0.974972), (0.049841, 0.631422), (0.703708, 0.0), (0.84146, 0.115051), (0.925048, 0.264919), (1.0, 0.544504), (0.713551, 0.914161), (0.907046, 0.703283), (0.961098, 0.627901), (0.824759, 0.812516), (0.976691, 0.404985)]
[(0.600441, 0.082244), (0.599797, 0.97509), (0.435274, 0.05585), (0.265296, 0.268849), (0.14805, 0.472215), (0.0, 0.792321), (0.452244, 1.0), (0.173102, 0.920363), (0.074293, 0.865709), (0.306356, 0.981493), (0.057598, 0.641951), (0.739439, 0.0), (0.868557, 0.131683), (0.942624, 0.298919), (1.0, 0.592039), (0.731318, 0.920299), (0.916191, 0.737508), (0.965499, 0.669927), (0.838076, 0.833363), (0.98501, 0.45126)]
[(0.547645, 0.09758), (0.564419, 0.975728), (0.381964, 0.073716), (0.221795, 0.270183), (0.118634, 0.473026), (0.0, 0.818431), (0.417569, 1.0), (0.154901, 0.922875), (0.065846, 0.879017), (0.27795, 0.979038), (0.043481, 0.650112), (0.694383, 0.0), (0.835866, 0.112324), (0.921072, 0.265422), (1.0, 0.561869), (0.703044, 0.915561), (0.904399, 0.712834), (0.960151, 0.639783), (0.81831, 0.81859), (0.97419, 0.413002)]
[(0.533937, 0.099796), (0.556944, 0.970887), (0.368118, 0.082761), (0.21059, 0.27946), (0.111448, 0.484155), (0.0, 0.839176), (0.409277, 1.0), (0.149237, 0.935089), (0.062979, 0.895481), (0.270309, 0.984455), (0.039947, 0.664938), (0.682773, 0.0), (0.828349, 0.10505), (0.916511, 0.251925), (1.0, 0.54704), (0.698434, 0.905526), (0.903812, 0.696811), (0.96015, 0.623118), (0.816164, 0.804752), (0.972278, 0.396597)]
[(0.53243, 0.102651), (0.558823, 0.972505), (0.367865, 0.079028), (0.211921, 0.271545), (0.113161, 0.474778), (0.0, 0.82923), (0.412058, 1.0), (0.152204, 0.934101), (0.064764, 0.891554), (0.273638, 0.983961), (0.041317, 0.654892), (0.679443, 0.0), (0.824103, 0.10387), (0.912906, 0.247902), (1.0, 0.534181), (0.699284, 0.907959), (0.903823, 0.696335), (0.960032, 0.616947), (0.816498, 0.807344), (0.970056, 0.387643)]
[(0.53345, 0.109432), (0.566364, 0.97261), (0.371572, 0.089159), (0.218073, 0.283126), (0.1177, 0.479449), (0.0, 0.813472), (0.420773, 1.0), (0.157614, 0.931718), (0.067778, 0.883552), (0.281936, 0.983987), (0.043988, 0.650844), (0.678495, 0.0), (0.821036, 0.094326), (0.909574, 0.225752), (1.0, 0.491367), (0.70372, 0.904845), (0.905083, 0.680425), (0.960422, 0.588443), (0.818978, 0.800406), (0.96803, 0.354066)]
[(0.522957, 0.109513), (0.561031, 0.975435), (0.362212, 0.09121), (0.210549, 0.28451), (0.113154, 0.482068), (0.0, 0.816733), (0.414995, 1.0), (0.155243, 0.923412), (0.06617, 0.879834), (0.277274, 0.977767), (0.041272, 0.65308), (0.667612, 0.0), (0.812202, 0.094731), (0.904117, 0.22392), (1.0, 0.493567), (0.699774, 0.906988), (0.90133, 0.674596), (0.957981, 0.584473), (0.815672, 0.797839), (0.965257, 0.353765)]
[(0.516741, 0.109517), (0.554922, 0.971357), (0.354939, 0.097973), (0.205093, 0.29584), (0.109891, 0.494333), (0.0, 0.827528), (0.409166, 1.0), (0.152183, 0.931425), (0.065241, 0.889539), (0.27233, 0.982896), (0.040174, 0.6642), (0.663745, 0.0), (0.811572, 0.093851), (0.905163, 0.223676), (1.0, 0.486678), (0.695835, 0.899706), (0.90043, 0.665058), (0.957723, 0.576509), (0.813382, 0.787976), (0.966089, 0.350704)]
[(0.50045, 0.10384), (0.545888, 0.97574), (0.34017, 0.088966), (0.195225, 0.28034), (0.10435, 0.472881), (0.0, 0.789581), (0.402677, 1.0), (0.150354, 0.906936), (0.065003, 0.856208), (0.268003, 0.972391), (0.037995, 0.637172), (0.647673, 0.0), (0.800564, 0.099057), (0.898771, 0.229031), (1.0, 0.47714), (0.688192, 0.905597), (0.896246, 0.660121), (0.956018, 0.567781), (0.807124, 0.789536), (0.963649, 0.351649)]
[(0.509209, 0.107092), (0.563816, 0.976952), (0.345912, 0.083483), (0.196882, 0.263852), (0.10375, 0.453519), (0.0, 0.775642), (0.419253, 1.0), (0.160314, 0.904594), (0.069454, 0.849672), (0.282509, 0.97111), (0.03635, 0.620694), (0.653422, 0.0), (0.804486, 0.091524), (0.902073, 0.217308), (1.0, 0.475812), (0.702228, 0.909922), (0.901882, 0.667467), (0.95929, 0.571887), (0.816954, 0.797439), (0.966346, 0.343594)]
[(0.500101, 0.103197), (0.567338, 0.977978), (0.338601, 0.076931), (0.196353, 0.258439), (0.10591, 0.448099), (0.0, 0.765741), (0.425716, 1.0), (0.166127, 0.902627), (0.073235, 0.845458), (0.289592, 0.970909), (0.039018, 0.614793), (0.644519, 0.0), (0.79824, 0.093118), (0.899157, 0.22201), (1.0, 0.470342), (0.705251, 0.914632), (0.903595, 0.668408), (0.960598, 0.570891), (0.819558, 0.800889), (0.965308, 0.344927)]
[(0.493932, 0.100578), (0.559838, 0.977079), (0.331446, 0.080501), (0.19007, 0.253592), (0.10136, 0.435878), (0.0, 0.749671), (0.418296, 1.0), (0.161553, 0.898633), (0.0708, 0.834899), (0.283111, 0.970196), (0.036725, 0.598932), (0.640231, 0.0), (0.796036, 0.080383), (0.898472, 0.198182), (1.0, 0.442365), (0.699129, 0.912161), (0.901427, 0.658479), (0.960098, 0.551385), (0.814839, 0.796813), (0.965513, 0.316301)]
[(0.582681, 0.089325), (0.601542, 0.961298), (0.421114, 0.099573), (0.255006, 0.301899), (0.140582, 0.48233), (0.0, 0.783918), (0.445655, 1.0), (0.165503, 0.918954), (0.070683, 0.857616), (0.296889, 0.982421), (0.053108, 0.635802), (0.720558, 0.0), (0.851734, 0.080927), (0.932411, 0.203285), (1.0, 0.479584), (0.735161, 0.884512), (0.918958, 0.655322), (0.968759, 0.568538), (0.841163, 0.773106), (0.982918, 0.333094)]
[(0.555349, 0.079515), (0.589756, 0.965836), (0.393233, 0.081468), (0.238204, 0.285575), (0.133384, 0.468209), (0.0, 0.760336), (0.439671, 1.0), (0.162944, 0.901574), (0.07007, 0.834571), (0.293078, 0.975816), (0.051831, 0.619877), (0.695782, 0.0), (0.836263, 0.098539), (0.923792, 0.231797), (1.0, 0.488695), (0.726792, 0.894045), (0.916587, 0.65814), (0.967786, 0.572584), (0.836298, 0.780381), (0.978507, 0.358565)]
[(0.63204, 0.068341), (0.645718, 0.959803), (0.466856, 0.073898), (0.292662, 0.298054), (0.167378, 0.489954), (0.0, 0.785257), (0.48635, 1.0), (0.181752, 0.915717), (0.076703, 0.853677), (0.327003, 0.982899), (0.066992, 0.645568), (0.760645, 0.0), (0.878997, 0.110658), (0.9489, 0.25202), (1.0, 0.506548), (0.774101, 0.887098), (0.937364, 0.66295), (0.976973, 0.584561), (0.870371, 0.778014), (0.989123, 0.381051)]
[(0.613439, 0.058994), (0.633977, 0.963645), (0.447672, 0.063812), (0.281386, 0.289907), (0.163491, 0.481377), (0.0, 0.761128), (0.479721, 1.0), (0.180054, 0.9006), (0.076435, 0.833537), (0.323065, 0.976651), (0.067238, 0.632963), (0.74811, 0.0), (0.878615, 0.120375), (0.953394, 0.268085), (1.0, 0.507952), (0.768514, 0.890756), (0.936094, 0.65633), (0.976115, 0.579777), (0.868011, 0.774852), (0.992019, 0.394752)]
[(0.538979, 0.069895), (0.585787, 0.965249), (0.373839, 0.081193), (0.22125, 0.297254), (0.121847, 0.490559), (0.0, 0.788276), (0.437064, 1.0), (0.161422, 0.911571), (0.068875, 0.853814), (0.290943, 0.979254), (0.046891, 0.648959), (0.684419, 0.0), (0.833857, 0.104886), (0.924873, 0.238128), (1.0, 0.466171), (0.726356, 0.895181), (0.919038, 0.6457), (0.968643, 0.552562), (0.837828, 0.777764), (0.979135, 0.354012)]
[(0.507281, 0.089394), (0.575198, 0.967985), (0.344218, 0.098044), (0.199503, 0.304441), (0.107989, 0.487588), (0.0, 0.772994), (0.425022, 1.0), (0.154859, 0.894303), (0.06619, 0.834833), (0.281345, 0.969307), (0.040349, 0.63703), (0.648995, 0.0), (0.800517, 0.086032), (0.898525, 0.199385), (1.0, 0.412734), (0.714776, 0.893351), (0.91273, 0.620244), (0.966343, 0.511224), (0.828233, 0.768247), (0.965426, 0.30184)]
[(0.461291, 0.095431), (0.545883, 0.966233), (0.297595, 0.112493), (0.161593, 0.317222), (0.083626, 0.495138), (0.0, 0.774304), (0.398744, 1.0), (0.141895, 0.895837), (0.060764, 0.835933), (0.260558, 0.970286), (0.02907, 0.640937), (0.609714, 0.0), (0.774939, 0.076142), (0.884246, 0.183245), (1.0, 0.390718), (0.690506, 0.889231), (0.904438, 0.605663), (0.962793, 0.492443), (0.811342, 0.760463), (0.959239, 0.282304)]
[(0.453874, 0.094145), (0.543049, 0.961482), (0.290451, 0.122452), (0.155974, 0.325113), (0.079348, 0.499425), (0.0, 0.772883), (0.395114, 1.0), (0.141597, 0.903663), (0.060485, 0.840359), (0.258498, 0.974238), (0.026867, 0.640173), (0.603145, 0.0), (0.766598, 0.064792), (0.877647, 0.159802), (1.0, 0.354092), (0.691101, 0.880329), (0.908274, 0.587954), (0.965247, 0.46629), (0.813771, 0.748094), (0.95504, 0.250457)]
[(0.478617, 0.10291), (0.56273, 0.956125), (0.313337, 0.128319), (0.176764, 0.341805), (0.094799, 0.519676), (0.0, 0.792946), (0.415481, 1.0), (0.151764, 0.91344), (0.06554, 0.85574), (0.274868, 0.980002), (0.035244, 0.661522), (0.625496, 0.0), (0.783138, 0.064496), (0.889058, 0.161672), (1.0, 0.355263), (0.705961, 0.873142), (0.913583, 0.57973), (0.967055, 0.462823), (0.823874, 0.739618), (0.960319, 0.252003)]
[(0.484772, 0.094838), (0.58133, 0.959581), (0.316673, 0.117692), (0.17562, 0.335218), (0.091523, 0.521655), (0.0, 0.814347), (0.433475, 1.0), (0.16109, 0.923453), (0.069773, 0.872898), (0.289173, 0.983395), (0.031981, 0.676389), (0.631283, 0.0), (0.791489, 0.076293), (0.895818, 0.187348), (1.0, 0.399415), (0.721684, 0.883934), (0.920666, 0.609937), (0.970198, 0.500927), (0.835733, 0.760322), (0.964831, 0.290048)]
