[(0.636, 0.066475), (0.575155, 1.0), (0.479686, 0.0), (0.299552, 0.125827), (0.168706, 0.241853), (0.0, 0.412957), (0.420685, 0.958801), (0.151184, 0.686661), (0.063737, 0.54752), (0.274828, 0.846838), (0.069248, 0.332837), (0.779042, 0.051546), (0.893549, 0.201672), (0.955391, 0.34913), (1.0, 0.589648), (0.711786, 0.982609), (0.908303, 0.781783), (0.961338, 0.686198), (0.824695, 0.896898), (0.989281, 0.476226)]
[(0.528769, 0.08523), (0.503195, 1.0), (0.373109, 0.0), (0.212374, 0.097472), (0.108332, 0.231318), (0.0, 0.48969), (0.359294, 0.959159), (0.127587, 0.730039), (0.053249, 0.610956), (0.231917, 0.865613), (0.0376, 0.361321), (0.681462, 0.061691), (0.827436, 0.214922), (0.916558, 0.369007), (1.0, 0.635433), (0.64733, 0.99392), (0.875248, 0.818322), (0.946779, 0.730071), (0.774005, 0.924265), (0.974298, 0.509022)]
[(0.483977, 0.045629), (0.478219, 1.0), (0.332977, 0.0), (0.190949, 0.150909), (0.101269, 0.321028), (0.0, 0.635961), (0.340287, 0.988543), (0.119043, 0.831531), (0.051175, 0.741932), (0.218739, 0.93072), (0.037598, 0.477408), (0.637397, 0.009168), (0.794885, 0.166637), (0.89783, 0.328836), (1.0, 0.633407), (0.626136, 0.973976), (0.864804, 0.798775), (0.943441, 0.722197), (0.757144, 0.897222), (0.966862, 0.48101)]
[(0.51335, 0.069577), (0.514228, 1.0), (0.358613, 0.0), (0.207511, 0.144143), (0.11035, 0.305421), (0.0, 0.598295), (0.377338, 0.987225), (0.141887, 0.821718), (0.061909, 0.720108), (0.25073, 0.926207), (0.039414, 0.454243), (0.666063, 0.006962), (0.815735, 0.149391), (0.909755, 0.308527), (1.0, 0.623582), (0.652945, 0.98188), (0.875888, 0.812821), (0.947143, 0.727628), (0.776776, 0.914028), (0.972114, 0.467023)]
[(0.461185, 0.059654), (0.474219, 1.0), (0.312946, 0.016576), (0.177987, 0.167077), (0.093468, 0.336148), (0.0, 0.643091), (0.336661, 0.990091), (0.116869, 0.829945), (0.04979, 0.741649), (0.216352, 0.930175), (0.033813, 0.488344), (0.611952, 0.0), (0.770286, 0.136984), (0.878341, 0.280712), (1.0, 0.561832), (0.621525, 0.965027), (0.864901, 0.759264), (0.943948, 0.662091), (0.754521, 0.877601), (0.956377, 0.417032)]
[(0.724521, 0.032624), (0.67378, 0.991022), (0.541479, 0.028222), (0.333094, 0.216086), (0.18484, 0.379083), (0.0, 0.657301), (0.494967, 1.0), (0.175823, 0.843023), (0.073022, 0.752506), (0.323046, 0.941977), (0.073403, 0.515895), (0.86018, 0.0), (0.960837, 0.110072), (0.998178, 0.255801), (0.974913, 0.547129), (0.808286, 0.923931), (0.948935, 0.696485), (0.968116, 0.61937), (0.898406, 0.813008), (1.0, 0.400791)]
[(0.433075, 0.08099), (0.441226, 0.984424), (0.290458, 0.064529), (0.162548, 0.232682), (0.084726, 0.4096), (0.0, 0.714326), (0.309736, 1.0), (0.105697, 0.880626), (0.045269, 0.803286), (0.197016, 0.962226), (0.028756, 0.561226), (0.580747, 0.0), (0.744737, 0.114176), (0.862154, 0.245427), (1.0, 0.528125), (0.591004, 0.928535), (0.848931, 0.716256), (0.938259, 0.626654), (0.728974, 0.830796), (0.951622, 0.378727)]
[(0.54806, 0.060959), (0.526631, 0.990548), (0.391728, 0.02414), (0.235353, 0.214029), (0.131042, 0.399066), (0.0, 0.689346), (0.384156, 1.0), (0.139428, 0.865996), (0.05986, 0.785305), (0.25164, 0.956951), (0.051461, 0.548877), (0.695417, 0.0), (0.837304, 0.146085), (0.924808, 0.305615), (1.0, 0.576369), (0.672322, 0.937894), (0.889812, 0.731434), (0.954173, 0.658749), (0.79532, 0.838622), (0.978616, 0.444967)]
[(0.68789, 0.051854), (0.633496, 1.0), (0.521569, 0.0), (0.329205, 0.183177), (0.188966, 0.358713), (0.0, 0.637524), (0.478796, 0.998866), (0.183202, 0.831624), (0.076868, 0.738715), (0.324072, 0.938222), (0.076108, 0.502941), (0.820206, 0.017983), (0.93023, 0.174387), (0.98235, 0.349161), (0.990916, 0.610441), (0.763187, 0.957), (0.925886, 0.754238), (0.964369, 0.683358), (0.86004, 0.861215), (1.0, 0.490806)]
[(0.661613, 0.041014), (0.608695, 1.0), (0.501696, 0.0), (0.315719, 0.182443), (0.180145, 0.345367), (0.0, 0.617756), (0.451947, 0.995469), (0.171118, 0.821856), (0.072687, 0.723278), (0.302803, 0.928974), (0.071979, 0.482895), (0.795313, 0.009006), (0.908651, 0.155842), (0.968925, 0.31736), (1.0, 0.616594), (0.739485, 0.954846), (0.915167, 0.75912), (0.963368, 0.691098), (0.841111, 0.859347), (0.998954, 0.469524)]
[(0.669146, 0.038162), (0.609215, 0.996084), (0.506481, 0.0), (0.319073, 0.201117), (0.183502, 0.381214), (0.0, 0.673129), (0.453926, 1.0), (0.17034, 0.855856), (0.071805, 0.769177), (0.303564, 0.949522), (0.073733, 0.529804), (0.804508, 0.010405), (0.919258, 0.17286), (0.976326, 0.352589), (0.994474, 0.647363), (0.741717, 0.952934), (0.917213, 0.772495), (0.962485, 0.714291), (0.843951, 0.864841), (1.0, 0.50681)]
[(0.633335, 0.046608), (0.58734, 0.98392), (0.473937, 0.018365), (0.296289, 0.222203), (0.168793, 0.410644), (0.0, 0.746767), (0.43362, 1.0), (0.161601, 0.898069), (0.069358, 0.829994), (0.288305, 0.967509), (0.067186, 0.57626), (0.770979, 0.0), (0.892112, 0.15033), (0.959165, 0.324456), (1.0, 0.671348), (0.721822, 0.931058), (0.908791, 0.771557), (0.962165, 0.728353), (0.828832, 0.846148), (0.996181, 0.494928)]
[(0.551891, 0.051893), (0.533359, 0.993813), (0.396025, 0.014601), (0.2372, 0.200182), (0.130827, 0.379714), (0.0, 0.688508), (0.388602, 1.0), (0.141946, 0.877617), (0.061527, 0.794826), (0.254904, 0.960508), (0.050907, 0.535186), (0.700292, 0.0), (0.840599, 0.154327), (0.925619, 0.316292), (1.0, 0.625904), (0.674867, 0.949859), (0.887789, 0.774634), (0.952129, 0.710483), (0.795137, 0.865295), (0.978311, 0.470614)]
[(0.522308, 0.055278), (0.516285, 0.998642), (0.369022, 0.018702), (0.219107, 0.188559), (0.120515, 0.364185), (0.0, 0.696203), (0.372526, 1.0), (0.133695, 0.881588), (0.058148, 0.799642), (0.242579, 0.962014), (0.046655, 0.523405), (0.671652, 0.0), (0.816968, 0.145905), (0.909743, 0.306034), (1.0, 0.646637), (0.661041, 0.958501), (0.883539, 0.800232), (0.951581, 0.735068), (0.786205, 0.882549), (0.971577, 0.468463)]
[(0.641341, 0.039611), (0.578141, 0.996788), (0.480008, 0.019288), (0.298179, 0.213551), (0.170425, 0.375905), (0.0, 0.632416), (0.420134, 1.0), (0.150633, 0.826234), (0.064122, 0.72915), (0.273936, 0.937356), (0.069242, 0.505996), (0.782386, 0.0), (0.90278, 0.13588), (0.967343, 0.294303), (0.998572, 0.606563), (0.718797, 0.939557), (0.910715, 0.737838), (0.96277, 0.676347), (0.829302, 0.837098), (1.0, 0.450124)]
[(0.580808, 0.053669), (0.551916, 0.991728), (0.422865, 0.019593), (0.259346, 0.198615), (0.146348, 0.372161), (0.0, 0.696946), (0.404807, 1.0), (0.148409, 0.87582), (0.063731, 0.791365), (0.267233, 0.960673), (0.058326, 0.528543), (0.723851, 0.0), (0.854124, 0.129762), (0.933681, 0.292268), (1.0, 0.622512), (0.691406, 0.944383), (0.897383, 0.766009), (0.958203, 0.703076), (0.807171, 0.856465), (0.984105, 0.453365)]
[(0.529791, 0.081604), (0.512202, 0.991185), (0.377098, 0.03636), (0.228547, 0.189909), (0.127692, 0.353188), (0.0, 0.657687), (0.368864, 1.0), (0.129506, 0.86542), (0.054767, 0.768508), (0.239065, 0.958625), (0.050498, 0.498218), (0.674368, 0.0), (0.811563, 0.101256), (0.903025, 0.236247), (1.0, 0.529825), (0.655254, 0.938592), (0.882569, 0.732053), (0.952535, 0.637349), (0.780657, 0.845535), (0.968485, 0.371874)]
[(0.493394, 0.058165), (0.496306, 0.996205), (0.343446, 0.027302), (0.201925, 0.191813), (0.110123, 0.364806), (0.0, 0.654683), (0.357202, 1.0), (0.126717, 0.848438), (0.0544, 0.756403), (0.232162, 0.947117), (0.042029, 0.511898), (0.635482, 0.0), (0.784027, 0.118391), (0.886684, 0.258894), (1.0, 0.51545), (0.639696, 0.951747), (0.874045, 0.732642), (0.949411, 0.627419), (0.767311, 0.856356), (0.961916, 0.386893)]
[(0.473932, 0.04143), (0.482369, 1.0), (0.323896, 0.0), (0.185973, 0.104534), (0.098668, 0.237733), (0.0, 0.508203), (0.342725, 0.984925), (0.121283, 0.780995), (0.051259, 0.65028), (0.221426, 0.909707), (0.035134, 0.367009), (0.623651, 0.000875), (0.778447, 0.106152), (0.884336, 0.22862), (1.0, 0.484828), (0.635155, 0.96097), (0.873747, 0.731017), (0.948889, 0.613529), (0.766979, 0.861713), (0.9595, 0.352289)]
[(0.604957, 0.046112), (0.591137, 1.0), (0.444962, 0.015047), (0.274711, 0.193938), (0.155291, 0.356409), (0.0, 0.679193), (0.434052, 0.990711), (0.16164, 0.85232), (0.069327, 0.776295), (0.288524, 0.93555), (0.063648, 0.504221), (0.739218, 0.0), (0.858354, 0.11725), (0.932457, 0.242897), (1.0, 0.505176), (0.726841, 0.949146), (0.914768, 0.727981), (0.966416, 0.628386), (0.833983, 0.847544), (0.98126, 0.364709)]
[(0.451066, 0.048798), (0.469885, 1.0), (0.303368, 0.028602), (0.169407, 0.170407), (0.088001, 0.3354), (0.0, 0.64362), (0.331239, 0.999586), (0.115645, 0.850803), (0.048983, 0.752841), (0.212794, 0.946438), (0.029811, 0.48563), (0.598518, 0.0), (0.758883, 0.109078), (0.871834, 0.237777), (1.0, 0.502779), (0.625119, 0.950624), (0.871038, 0.728954), (0.949051, 0.620339), (0.760006, 0.851212), (0.955182, 0.365212)]
[(0.474589, 0.042917), (0.49334, 1.0), (0.324552, 0.01751), (0.187181, 0.166644), (0.099898, 0.336606), (0.0, 0.649702), (0.352625, 0.995675), (0.125633, 0.854833), (0.053864, 0.762696), (0.228877, 0.945185), (0.036741, 0.490765), (0.620259, 0.0), (0.774082, 0.123671), (0.881772, 0.267938), (1.0, 0.556886), (0.642339, 0.966671), (0.879369, 0.780086), (0.952935, 0.677317), (0.772851, 0.888663), (0.959836, 0.409065)]
[(0.549745, 0.06896), (0.546388, 1.0), (0.388899, 0.0), (0.225021, 0.093416), (0.11745, 0.224815), (0.0, 0.49978), (0.391742, 0.973998), (0.139106, 0.751459), (0.056898, 0.627878), (0.254879, 0.88401), (0.041023, 0.35493), (0.695416, 0.004615), (0.831892, 0.10321), (0.917306, 0.228691), (1.0, 0.520278), (0.690613, 0.965965), (0.900996, 0.750509), (0.960349, 0.637155), (0.810793, 0.876826), (0.973751, 0.368241)]
[(0.460957, 0.050797), (0.441758, 1.0), (0.313102, 0.0), (0.17858, 0.051853), (0.092992, 0.148464), (0.0, 0.395655), (0.302297, 0.958402), (0.100535, 0.714605), (0.041247, 0.558903), (0.188526, 0.862475), (0.032711, 0.25762), (0.61428, 0.044673), (0.770477, 0.146575), (0.879923, 0.261931), (1.0, 0.54659), (0.601978, 0.985527), (0.859325, 0.798704), (0.943374, 0.682124), (0.741819, 0.911669), (0.959516, 0.394063)]
[(0.52532, 0.080365), (0.495334, 1.0), (0.373033, 0.0), (0.2223, 0.107581), (0.121915, 0.244365), (0.0, 0.527773), (0.352534, 0.974395), (0.121758, 0.789701), (0.051016, 0.665924), (0.225571, 0.908268), (0.047537, 0.375985), (0.678505, 0.034587), (0.818913, 0.169792), (0.909035, 0.322019), (1.0, 0.651414), (0.641558, 0.984352), (0.874462, 0.835407), (0.947252, 0.755355), (0.770815, 0.922919), (0.970218, 0.479122)]
[(0.539263, 0.080239), (0.524405, 1.0), (0.382375, 0.0), (0.226161, 0.136442), (0.123424, 0.291643), (0.0, 0.571881), (0.386271, 0.973559), (0.145759, 0.792294), (0.063065, 0.689159), (0.257634, 0.902982), (0.046717, 0.435232), (0.691781, 0.039347), (0.837048, 0.195045), (0.92459, 0.364516), (1.0, 0.673351), (0.662776, 0.994074), (0.881495, 0.846662), (0.949871, 0.769034), (0.784812, 0.936875), (0.979142, 0.523853)]
[(0.590555, 0.050286), (0.548019, 1.0), (0.434598, 0.0), (0.26635, 0.180257), (0.149778, 0.356879), (0.0, 0.662194), (0.404086, 0.998296), (0.152177, 0.851724), (0.066266, 0.767862), (0.268909, 0.945207), (0.058644, 0.512933), (0.736601, 0.001182), (0.868427, 0.162238), (0.94337, 0.341134), (1.0, 0.692635), (0.684341, 0.966936), (0.889736, 0.813644), (0.952687, 0.764311), (0.800084, 0.893259), (0.988117, 0.515988)]
[(0.5817, 0.042542), (0.539249, 1.0), (0.425935, 0.0), (0.259087, 0.174791), (0.1451, 0.341204), (0.0, 0.628465), (0.393502, 0.988768), (0.146217, 0.825599), (0.063713, 0.734022), (0.259381, 0.925611), (0.057455, 0.48573), (0.727861, 0.021717), (0.862725, 0.196307), (0.940449, 0.371771), (1.0, 0.701974), (0.681029, 0.969001), (0.889385, 0.811847), (0.951851, 0.765855), (0.79861, 0.890214), (0.986544, 0.537361)]
[(0.651064, 0.061364), (0.606075, 1.0), (0.489763, 0.0), (0.30697, 0.140137), (0.174354, 0.289887), (0.0, 0.605109), (0.450706, 0.985362), (0.171387, 0.817621), (0.073184, 0.717834), (0.302523, 0.920873), (0.068896, 0.435115), (0.789833, 0.020381), (0.906956, 0.157593), (0.96845, 0.328193), (1.0, 0.681509), (0.73786, 0.96939), (0.917569, 0.815781), (0.965584, 0.75361), (0.842126, 0.898424), (0.999161, 0.497113)]
[(0.510116, 0.0674), (0.501536, 1.0), (0.358379, 0.0), (0.211047, 0.120723), (0.114508, 0.266311), (0.0, 0.574358), (0.359828, 0.97674), (0.127995, 0.810616), (0.054702, 0.701861), (0.233523, 0.916045), (0.043919, 0.408513), (0.662687, 0.016053), (0.808641, 0.152701), (0.903136, 0.308289), (1.0, 0.66587), (0.644806, 0.981445), (0.874471, 0.839588), (0.946855, 0.764425), (0.772317, 0.921798), (0.967587, 0.475048)]
[(0.547721, 0.062405), (0.543349, 1.0), (0.388543, 0.0), (0.23284, 0.126392), (0.128882, 0.267695), (0.0, 0.555757), (0.390748, 0.974099), (0.137956, 0.764769), (0.058176, 0.664132), (0.252966, 0.889566), (0.050861, 0.402175), (0.69797, 0.005891), (0.835124, 0.117944), (0.920667, 0.249473), (1.0, 0.537018), (0.688357, 0.965022), (0.902489, 0.742952), (0.961247, 0.641539), (0.810705, 0.871315), (0.976488, 0.381547)]
[(0.521744, 0.058021), (0.530162, 1.0), (0.36415, 0.0), (0.220303, 0.113705), (0.124582, 0.234029), (0.0, 0.46388), (0.379949, 0.966661), (0.134671, 0.710725), (0.056961, 0.589295), (0.246165, 0.8599), (0.05154, 0.341635), (0.671134, 0.005877), (0.812724, 0.101587), (0.905371, 0.207319), (1.0, 0.409317), (0.678539, 0.957595), (0.899112, 0.674169), (0.960654, 0.542083), (0.803585, 0.836172), (0.968676, 0.298909)]
[(0.455627, 0.040836), (0.447338, 1.0), (0.312076, 0.007002), (0.178842, 0.113609), (0.094223, 0.240247), (0.0, 0.485964), (0.308046, 0.979977), (0.101271, 0.764961), (0.041863, 0.626244), (0.192643, 0.899291), (0.033776, 0.354257), (0.601492, 0.0), (0.755965, 0.104523), (0.868255, 0.222189), (1.0, 0.481329), (0.602596, 0.968365), (0.85929, 0.744979), (0.943781, 0.616592), (0.741568, 0.877169), (0.953853, 0.34442)]
[(0.455388, 0.036503), (0.431534, 1.0), (0.311571, 0.0), (0.175045, 0.110121), (0.09086, 0.246567), (0.0, 0.509782), (0.296177, 0.974619), (0.098832, 0.769094), (0.042246, 0.64106), (0.18499, 0.895584), (0.031275, 0.37186), (0.60472, 0.018961), (0.763577, 0.15763), (0.876111, 0.303761), (1.0, 0.599812), (0.588452, 0.980475), (0.849299, 0.806768), (0.938085, 0.711311), (0.729113, 0.907981), (0.959642, 0.450516)]
[(0.476939, 0.061107), (0.460076, 1.0), (0.333336, 0.0), (0.194785, 0.130409), (0.105272, 0.297026), (0.0, 0.605491), (0.327775, 0.976003), (0.117551, 0.81366), (0.051285, 0.717451), (0.212675, 0.912623), (0.038342, 0.446341), (0.623645, 0.025319), (0.776537, 0.192758), (0.883956, 0.380451), (1.0, 0.750871), (0.606125, 0.994547), (0.854161, 0.889037), (0.938817, 0.83329), (0.73994, 0.952314), (0.962528, 0.56464)]
[(0.59413, 0.104708), (0.547996, 0.9927), (0.435901, 0.0), (0.266926, 0.1161), (0.150194, 0.24564), (0.0, 0.467151), (0.405121, 0.949007), (0.152672, 0.724736), (0.065524, 0.599688), (0.27009, 0.859083), (0.059581, 0.358578), (0.740761, 0.095714), (0.870101, 0.272596), (0.945137, 0.451508), (1.0, 0.730143), (0.68607, 1.0), (0.892069, 0.874404), (0.953588, 0.812246), (0.802904, 0.950884), (0.987772, 0.603468)]
[(0.645688, 0.06509), (0.587704, 1.0), (0.485334, 0.0), (0.30221, 0.167731), (0.170503, 0.335076), (0.0, 0.602941), (0.437557, 0.983076), (0.163352, 0.806739), (0.069032, 0.71117), (0.291867, 0.916015), (0.067433, 0.474035), (0.787123, 0.038197), (0.905566, 0.211407), (0.967139, 0.395159), (1.0, 0.693293), (0.721573, 0.97776), (0.909764, 0.827206), (0.961321, 0.766331), (0.830594, 0.909701), (0.997913, 0.553852)]
[(0.643863, 0.055678), (0.592671, 1.0), (0.478949, 0.0), (0.293501, 0.179765), (0.163458, 0.355726), (0.0, 0.633987), (0.440237, 0.984991), (0.163832, 0.813025), (0.069476, 0.725537), (0.292768, 0.918094), (0.064525, 0.501326), (0.786941, 0.031824), (0.906558, 0.212416), (0.968101, 0.393706), (1.0, 0.667203), (0.728846, 0.973372), (0.9162, 0.80429), (0.964283, 0.737946), (0.838119, 0.895301), (0.997375, 0.54243)]
[(0.591758, 0.061341), (0.561025, 1.0), (0.431509, 0.0), (0.256763, 0.17265), (0.137469, 0.361277), (0.0, 0.673442), (0.415928, 0.982145), (0.154838, 0.833213), (0.065905, 0.760321), (0.276623, 0.924248), (0.051001, 0.525007), (0.73834, 0.026869), (0.871364, 0.205991), (0.946496, 0.398994), (1.0, 0.710604), (0.69697, 0.985765), (0.9006, 0.848182), (0.957751, 0.784443), (0.812568, 0.92944), (0.988826, 0.565637)]
[(0.594216, 0.054292), (0.563328, 1.0), (0.433742, 0.0), (0.259773, 0.170882), (0.140672, 0.34965), (0.0, 0.644833), (0.414662, 0.985444), (0.15218, 0.82239), (0.064548, 0.737845), (0.27381, 0.923828), (0.052923, 0.502116), (0.739394, 0.012627), (0.870437, 0.180023), (0.945212, 0.361934), (1.0, 0.669208), (0.700877, 0.978641), (0.903758, 0.821173), (0.959445, 0.74858), (0.816802, 0.912359), (0.987813, 0.523177)]
[(0.553329, 0.076448), (0.542913, 1.0), (0.396987, 0.0), (0.236013, 0.165011), (0.127933, 0.348377), (0.0, 0.647092), (0.402744, 0.971712), (0.151851, 0.813593), (0.065748, 0.738422), (0.269094, 0.906256), (0.048639, 0.504776), (0.699703, 0.040609), (0.838899, 0.23557), (0.92226, 0.433928), (1.0, 0.739843), (0.678986, 0.994558), (0.890895, 0.872137), (0.952473, 0.811571), (0.798184, 0.946695), (0.975277, 0.598485)]
[(0.606317, 0.069982), (0.573464, 1.0), (0.445582, 0.0), (0.274, 0.160057), (0.153686, 0.323208), (0.0, 0.58333), (0.423884, 0.973345), (0.156897, 0.79137), (0.066291, 0.693864), (0.282112, 0.901731), (0.06133, 0.456472), (0.749518, 0.041567), (0.874851, 0.215712), (0.947151, 0.393147), (1.0, 0.675057), (0.711619, 0.983864), (0.909383, 0.830063), (0.961782, 0.758666), (0.826211, 0.919045), (0.986638, 0.542725)]
[(0.551381, 0.066766), (0.541702, 1.0), (0.394904, 0.0), (0.234495, 0.151063), (0.12652, 0.312717), (0.0, 0.573656), (0.397623, 0.96846), (0.145755, 0.77384), (0.062134, 0.676723), (0.262449, 0.888616), (0.047418, 0.449178), (0.697744, 0.024825), (0.836476, 0.193048), (0.920142, 0.362696), (1.0, 0.632145), (0.680468, 0.988724), (0.896133, 0.816785), (0.955853, 0.723547), (0.802514, 0.923195), (0.973587, 0.505713)]
[(0.570511, 0.062362), (0.547929, 1.0), (0.411907, 0.0), (0.249684, 0.15665), (0.138845, 0.315311), (0.0, 0.568435), (0.401216, 0.978008), (0.146571, 0.78956), (0.062536, 0.68604), (0.264533, 0.90554), (0.055164, 0.44475), (0.716315, 0.026398), (0.850581, 0.188411), (0.931106, 0.353377), (1.0, 0.619313), (0.689312, 0.978951), (0.899615, 0.800169), (0.957894, 0.713784), (0.809408, 0.905722), (0.978845, 0.492015)]
[(0.461128, 0.086097), (0.475556, 1.0), (0.308237, 0.029263), (0.175636, 0.152143), (0.092329, 0.297133), (0.0, 0.572771), (0.332569, 0.981984), (0.112033, 0.777369), (0.047375, 0.677122), (0.210247, 0.900517), (0.035012, 0.42957), (0.615766, 0.0), (0.769511, 0.095223), (0.875276, 0.208479), (1.0, 0.457719), (0.623847, 0.963715), (0.869491, 0.710178), (0.946491, 0.581331), (0.758935, 0.861825), (0.953177, 0.321995)]
[(0.47842, 0.088148), (0.483482, 0.999591), (0.323823, 0.058423), (0.186253, 0.217413), (0.100432, 0.374075), (0.0, 0.666516), (0.341109, 1.0), (0.117288, 0.850303), (0.051422, 0.764654), (0.21696, 0.946488), (0.038905, 0.514798), (0.634123, 0.0), (0.789397, 0.103329), (0.891417, 0.234225), (1.0, 0.53741), (0.63143, 0.948766), (0.871611, 0.733554), (0.947103, 0.639591), (0.764013, 0.852065), (0.963145, 0.373723)]
[(0.495345, 0.060692), (0.505876, 1.0), (0.342401, 0.025992), (0.195535, 0.160252), (0.102167, 0.31189), (0.0, 0.599749), (0.367505, 0.994022), (0.138023, 0.826064), (0.059832, 0.721192), (0.243976, 0.932829), (0.035855, 0.452153), (0.641394, 0.0), (0.791959, 0.103864), (0.892661, 0.222878), (1.0, 0.481554), (0.648595, 0.952792), (0.874209, 0.724389), (0.947834, 0.609126), (0.772592, 0.855157), (0.963504, 0.345225)]
[(0.531105, 0.089447), (0.52248, 0.989211), (0.371736, 0.059174), (0.217835, 0.228221), (0.117653, 0.395158), (0.0, 0.693997), (0.376224, 1.0), (0.132441, 0.86602), (0.056901, 0.784937), (0.243206, 0.955804), (0.044182, 0.541972), (0.685403, 0.0), (0.830508, 0.103095), (0.918368, 0.238299), (1.0, 0.545099), (0.667451, 0.935196), (0.890431, 0.723799), (0.95547, 0.638331), (0.793323, 0.83774), (0.976179, 0.382309)]
[(0.448965, 0.059317), (0.473149, 1.0), (0.295536, 0.027276), (0.159311, 0.18215), (0.079508, 0.354804), (0.0, 0.671416), (0.334596, 0.996213), (0.116531, 0.843305), (0.050469, 0.762294), (0.213988, 0.938994), (0.025706, 0.511539), (0.603778, 0.0), (0.771806, 0.133893), (0.882866, 0.272815), (1.0, 0.538607), (0.625993, 0.959251), (0.871412, 0.736521), (0.947996, 0.63748), (0.761933, 0.863329), (0.960266, 0.402374)]
[(0.510285, 0.055574), (0.524166, 1.0), (0.349629, 0.008048), (0.198462, 0.165472), (0.104569, 0.336555), (0.0, 0.641196), (0.384128, 0.992801), (0.141567, 0.830344), (0.060598, 0.742529), (0.253802, 0.931779), (0.037016, 0.492855), (0.665227, 0.0), (0.821177, 0.137961), (0.915722, 0.285658), (1.0, 0.548963), (0.669197, 0.966249), (0.88973, 0.746424), (0.954484, 0.648579), (0.793822, 0.873726), (0.974382, 0.419111)]
[(0.467563, 0.059896), (0.482408, 1.0), (0.316207, 0.024198), (0.179209, 0.162525), (0.094201, 0.315572), (0.0, 0.598713), (0.345238, 0.993532), (0.124365, 0.817058), (0.054086, 0.712396), (0.224367, 0.928344), (0.034193, 0.454221), (0.61712, 0.0), (0.774675, 0.111865), (0.881497, 0.234711), (1.0, 0.476609), (0.629538, 0.958047), (0.868663, 0.718276), (0.946022, 0.599248), (0.760274, 0.856299), (0.95827, 0.351004)]
[(0.511979, 0.065802), (0.520913, 1.0), (0.351206, 0.0), (0.189744, 0.121364), (0.091215, 0.287065), (0.0, 0.615428), (0.37542, 0.977747), (0.136074, 0.804155), (0.057143, 0.713394), (0.245329, 0.908699), (0.027014, 0.451432), (0.666281, 0.011768), (0.820802, 0.144531), (0.914072, 0.298095), (1.0, 0.60905), (0.664294, 0.977236), (0.884411, 0.794427), (0.951481, 0.705132), (0.787905, 0.902078), (0.97441, 0.453747)]
[(0.549236, 0.065157), (0.541605, 1.0), (0.384593, 0.0), (0.21786, 0.150929), (0.112827, 0.327615), (0.0, 0.647028), (0.395967, 0.977154), (0.144593, 0.812757), (0.060989, 0.731868), (0.260517, 0.910332), (0.038565, 0.491168), (0.700855, 0.027445), (0.847322, 0.195186), (0.932091, 0.371838), (1.0, 0.667402), (0.684561, 0.981081), (0.895784, 0.81411), (0.955102, 0.742721), (0.805249, 0.910491), (0.98145, 0.528515)]
[(0.574502, 0.05087), (0.555703, 1.0), (0.409481, 0.0), (0.238727, 0.167191), (0.126931, 0.347585), (0.0, 0.653541), (0.409094, 0.988626), (0.150224, 0.826553), (0.06305, 0.743445), (0.270485, 0.926515), (0.046639, 0.504838), (0.723929, 0.001786), (0.861194, 0.151851), (0.939167, 0.316975), (1.0, 0.589465), (0.695924, 0.967016), (0.900999, 0.764294), (0.957473, 0.677546), (0.813218, 0.879048), (0.983057, 0.459107)]
[(0.689187, 0.036617), (0.637339, 0.997947), (0.52909, 0.0), (0.335753, 0.204548), (0.191662, 0.397145), (0.0, 0.700874), (0.487084, 1.0), (0.191287, 0.872979), (0.081701, 0.795863), (0.333705, 0.955423), (0.074859, 0.558073), (0.819247, 0.010338), (0.929087, 0.190957), (0.980888, 0.394789), (0.98818, 0.711881), (0.760175, 0.962094), (0.92061, 0.820992), (0.960369, 0.772938), (0.854905, 0.892954), (1.0, 0.565922)]
[(0.674538, 0.071766), (0.634002, 1.0), (0.510042, 0.0), (0.32095, 0.146975), (0.184433, 0.297901), (0.0, 0.564002), (0.476833, 0.985571), (0.18242, 0.791463), (0.077627, 0.682115), (0.322546, 0.909869), (0.074071, 0.430841), (0.809503, 0.017728), (0.918383, 0.151418), (0.97328, 0.313607), (0.997837, 0.615179), (0.762856, 0.95956), (0.931684, 0.773177), (0.971539, 0.695993), (0.863144, 0.875537), (1.0, 0.466671)]
[(0.562151, 0.128621), (0.559819, 1.0), (0.401807, 0.0), (0.246888, 0.037863), (0.141211, 0.104275), (0.0, 0.263241), (0.407446, 0.933068), (0.14703, 0.604932), (0.062254, 0.432987), (0.268472, 0.794813), (0.059166, 0.171207), (0.712998, 0.058839), (0.841869, 0.141483), (0.919634, 0.240572), (1.0, 0.461084), (0.701641, 0.982276), (0.908815, 0.738606), (0.962819, 0.599992), (0.82097, 0.889357), (0.970097, 0.33996)]
[(0.564803, 0.132268), (0.552749, 1.0), (0.403599, 0.0), (0.243948, 0.042492), (0.137175, 0.100671), (0.0, 0.243015), (0.405056, 0.923939), (0.150896, 0.561936), (0.065127, 0.395429), (0.269772, 0.765511), (0.055844, 0.159428), (0.712755, 0.045895), (0.840311, 0.113024), (0.917242, 0.193283), (1.0, 0.371996), (0.687362, 0.968697), (0.893292, 0.673135), (0.953975, 0.517905), (0.803585, 0.850952), (0.969159, 0.275212)]
[(0.522826, 0.126313), (0.535412, 1.0), (0.363995, 0.036851), (0.217945, 0.054152), (0.122154, 0.073053), (0.0, 0.159556), (0.392146, 0.949902), (0.144555, 0.575159), (0.064336, 0.358052), (0.258903, 0.801121), (0.049675, 0.105019), (0.677734, 0.009504), (0.816548, 0.0), (0.901122, 0.018259), (1.0, 0.112062), (0.674237, 0.927802), (0.887975, 0.519766), (0.951429, 0.308505), (0.795077, 0.754496), (0.961496, 0.055156)]
[(0.589132, 0.105068), (0.589716, 1.0), (0.419575, 0.070725), (0.246858, 0.161621), (0.135013, 0.225126), (0.0, 0.343366), (0.409105, 0.977674), (0.132106, 0.635795), (0.053804, 0.4762), (0.253856, 0.831377), (0.051597, 0.277038), (0.737748, 0.0), (0.861408, 0.009883), (0.929439, 0.044335), (1.0, 0.15608), (0.741992, 0.900812), (0.934432, 0.4722), (0.973674, 0.298876), (0.857972, 0.701671), (0.975424, 0.087514)]
[(0.514276, 0.097033), (0.552092, 1.0), (0.347678, 0.028173), (0.198114, 0.063073), (0.106691, 0.089081), (0.0, 0.165526), (0.371486, 0.936935), (0.115095, 0.493709), (0.046894, 0.312497), (0.222713, 0.735898), (0.040146, 0.115872), (0.674389, 0.0), (0.81847, 0.007797), (0.901198, 0.030657), (1.0, 0.096454), (0.719315, 0.916627), (0.932016, 0.447492), (0.973013, 0.255436), (0.84992, 0.701792), (0.960471, 0.051317)]
[(0.560674, 0.099579), (0.541332, 1.0), (0.393168, 0.01613), (0.230536, 0.052741), (0.126161, 0.069593), (0.0, 0.139679), (0.36967, 0.932114), (0.117792, 0.47977), (0.048916, 0.291269), (0.224672, 0.726041), (0.046154, 0.087308), (0.720334, 0.0), (0.854202, 0.010325), (0.92229, 0.034761), (1.0, 0.114173), (0.700136, 0.910415), (0.911531, 0.450831), (0.961488, 0.269487), (0.825747, 0.694469), (0.973342, 0.056723)]
[(0.570979, 0.103872), (0.541689, 1.0), (0.406601, 0.01187), (0.24225, 0.030094), (0.13341, 0.027186), (0.0, 0.0628), (0.369536, 0.924551), (0.119232, 0.437827), (0.050424, 0.229894), (0.224759, 0.704831), (0.051709, 0.024681), (0.727192, 0.001691), (0.853328, 0.0), (0.919627, 0.010182), (1.0, 0.064098), (0.694776, 0.905559), (0.902556, 0.421965), (0.957152, 0.229851), (0.81651, 0.679706), (0.970266, 0.017908)]
[(0.561371, 0.116901), (0.533105, 1.0), (0.395521, 0.015267), (0.232813, 0.019973), (0.127375, 0.007807), (0.0, 0.042419), (0.363152, 0.914937), (0.115639, 0.418535), (0.048059, 0.210884), (0.220009, 0.687181), (0.047012, 0.0), (0.717459, 0.022543), (0.847393, 0.021319), (0.915845, 0.028734), (1.0, 0.09194), (0.688295, 0.913338), (0.902683, 0.447484), (0.957721, 0.258231), (0.813463, 0.696406), (0.970109, 0.038493)]
[(0.567547, 0.099668), (0.530812, 1.0), (0.398288, 0.0), (0.231596, 0.008384), (0.125235, 0.002674), (0.0, 0.043026), (0.354024, 0.913905), (0.105691, 0.409941), (0.042308, 0.204785), (0.207817, 0.68226), (0.045619, 0.000758), (0.726386, 0.008826), (0.856764, 0.013612), (0.923607, 0.029723), (1.0, 0.103162), (0.691643, 0.915552), (0.907881, 0.445452), (0.960834, 0.260981), (0.819693, 0.697011), (0.974459, 0.047578)]
[(0.571946, 0.103503), (0.530045, 1.0), (0.404071, 0.0), (0.238107, 0.01276), (0.130552, 0.006603), (0.0, 0.049712), (0.359662, 0.916678), (0.112923, 0.419591), (0.046327, 0.214599), (0.216651, 0.68818), (0.048147, 0.003781), (0.729138, 0.004268), (0.857554, 0.004707), (0.922265, 0.013879), (1.0, 0.077469), (0.687025, 0.908804), (0.902394, 0.434071), (0.957517, 0.244005), (0.813206, 0.685608), (0.97303, 0.024601)]
[(0.579665, 0.128915), (0.539907, 1.0), (0.409985, 0.023841), (0.241337, 0.025575), (0.132044, 0.010241), (0.0, 0.041388), (0.36576, 0.911782), (0.114102, 0.408867), (0.046396, 0.204803), (0.219518, 0.679574), (0.048165, 0.0), (0.73728, 0.03482), (0.864115, 0.030382), (0.926731, 0.034831), (1.0, 0.091732), (0.697841, 0.912195), (0.908918, 0.442483), (0.960617, 0.255231), (0.822963, 0.692148), (0.975499, 0.041436)]
[(0.584071, 0.128192), (0.542633, 1.0), (0.41519, 0.021224), (0.246618, 0.025029), (0.13631, 0.010224), (0.0, 0.041618), (0.370835, 0.912333), (0.118381, 0.412304), (0.048673, 0.206963), (0.225492, 0.681977), (0.050383, 0.0), (0.739868, 0.034849), (0.865367, 0.033818), (0.927088, 0.039969), (1.0, 0.100202), (0.697874, 0.913778), (0.906733, 0.450954), (0.959116, 0.264152), (0.820962, 0.69756), (0.975365, 0.048286)]
[(0.579119, 0.094747), (0.547786, 1.0), (0.410059, 2.6e-05), (0.24057, 0.012615), (0.13129, 0.004885), (0.0, 0.042304), (0.371282, 0.915759), (0.116707, 0.412887), (0.048259, 0.206455), (0.222931, 0.68476), (0.04799, 9.1e-05), (0.735522, 0.001262), (0.862545, 0.0), (0.926616, 0.010685), (1.0, 0.078629), (0.704387, 0.908772), (0.911751, 0.430464), (0.961837, 0.241522), (0.827914, 0.685571), (0.975766, 0.023497)]
[(0.577284, 0.142524), (0.536475, 1.0), (0.407518, 0.03733), (0.238436, 0.033269), (0.129939, 0.01389), (0.0, 0.040481), (0.363671, 0.914034), (0.113362, 0.412434), (0.046316, 0.205341), (0.21844, 0.68349), (0.047153, 0.0), (0.734024, 0.046484), (0.860786, 0.035337), (0.924398, 0.034806), (1.0, 0.096287), (0.69313, 0.911534), (0.90608, 0.444792), (0.959207, 0.258003), (0.818377, 0.693263), (0.974817, 0.042587)]
[(0.584201, 0.095552), (0.547275, 1.0), (0.415754, 0.003297), (0.245927, 0.021852), (0.134867, 0.020975), (0.0, 0.067567), (0.3729, 0.919493), (0.118482, 0.428907), (0.049398, 0.227972), (0.225598, 0.694695), (0.050353, 0.022587), (0.739218, 0.0), (0.864098, 0.00359), (0.928109, 0.022642), (1.0, 0.106668), (0.701069, 0.912228), (0.908184, 0.447059), (0.959998, 0.264576), (0.82328, 0.695636), (0.976064, 0.045473)]
[(0.566695, 0.128727), (0.532455, 1.0), (0.399687, 0.021116), (0.236695, 0.023202), (0.130285, 0.009177), (0.0, 0.042421), (0.367506, 0.914052), (0.121276, 0.419297), (0.05141, 0.212536), (0.227109, 0.685629), (0.048512, 0.0), (0.72184, 0.029626), (0.849787, 0.029051), (0.916858, 0.034596), (1.0, 0.099796), (0.68433, 0.912967), (0.897286, 0.451892), (0.954511, 0.265548), (0.807605, 0.69693), (0.96954, 0.045702)]
[(0.576121, 0.100787), (0.545359, 1.0), (0.409901, 0.006968), (0.244995, 0.025462), (0.136224, 0.022634), (0.0, 0.066377), (0.374438, 0.92083), (0.121765, 0.429871), (0.051518, 0.229663), (0.228444, 0.695813), (0.052609, 0.022815), (0.732404, 0.000898), (0.858028, 0.0), (0.921847, 0.008601), (1.0, 0.060643), (0.698544, 0.905468), (0.904514, 0.42053), (0.957548, 0.228979), (0.820318, 0.679162), (0.970943, 0.013826)]
[(0.567306, 0.112778), (0.533644, 1.0), (0.401167, 0.009622), (0.237133, 0.018509), (0.13064, 0.00826), (0.0, 0.041747), (0.366758, 0.915206), (0.119001, 0.419736), (0.049519, 0.211783), (0.22501, 0.68725), (0.048512, 0.0), (0.724197, 0.016602), (0.852508, 0.017783), (0.918786, 0.024678), (1.0, 0.084858), (0.687737, 0.911338), (0.901768, 0.443318), (0.95665, 0.252267), (0.812439, 0.693164), (0.971184, 0.032622)]
[(0.581972, 0.105123), (0.55096, 1.0), (0.415574, 0.017467), (0.24935, 0.047286), (0.138605, 0.053362), (0.0, 0.105227), (0.380812, 0.926282), (0.12643, 0.452053), (0.053892, 0.261426), (0.235042, 0.707898), (0.053384, 0.059196), (0.736184, 0.000703), (0.859251, 0.0), (0.922406, 0.01197), (1.0, 0.067009), (0.701306, 0.903624), (0.904206, 0.422776), (0.956951, 0.233846), (0.820874, 0.677473), (0.971075, 0.019884)]
[(0.55878, 0.097975), (0.531027, 1.0), (0.391099, 0.0), (0.22825, 0.014776), (0.123786, 0.015223), (0.0, 0.067117), (0.36056, 0.917197), (0.114667, 0.431372), (0.047674, 0.229969), (0.218207, 0.693461), (0.045217, 0.019294), (0.717337, 0.005821), (0.850176, 0.015618), (0.918897, 0.033968), (1.0, 0.107955), (0.688416, 0.914956), (0.90398, 0.453549), (0.958254, 0.268861), (0.81487, 0.699583), (0.971718, 0.051637)]
[(0.576264, 0.09185), (0.541645, 1.0), (0.40658, 0.01332), (0.23609, 0.039445), (0.127316, 0.045772), (0.0, 0.09746), (0.364174, 0.927535), (0.110637, 0.454861), (0.044916, 0.256154), (0.215665, 0.712702), (0.046104, 0.051363), (0.733319, 0.0), (0.861258, 0.002615), (0.927096, 0.022351), (1.0, 0.107233), (0.698834, 0.907969), (0.909783, 0.444506), (0.961152, 0.263156), (0.82371, 0.691013), (0.976394, 0.046408)]
[(0.570875, 0.092001), (0.541776, 1.0), (0.403453, 0.008075), (0.236649, 0.03846), (0.128656, 0.049736), (0.0, 0.110186), (0.367586, 0.925753), (0.114998, 0.458401), (0.047271, 0.264243), (0.2213, 0.712169), (0.04675, 0.061122), (0.727057, 0.0), (0.856409, 0.012434), (0.923349, 0.038303), (1.0, 0.124956), (0.698227, 0.913484), (0.909768, 0.459536), (0.961252, 0.279399), (0.823, 0.701713), (0.973984, 0.064392)]
[(0.576596, 0.107086), (0.548589, 1.0), (0.409881, 0.028415), (0.242269, 0.056217), (0.132617, 0.060448), (0.0, 0.112375), (0.376219, 0.932291), (0.122122, 0.474425), (0.051111, 0.275359), (0.230136, 0.725651), (0.04857, 0.065972), (0.732391, 0.005238), (0.859732, 0.0), (0.925297, 0.012821), (1.0, 0.085056), (0.702323, 0.903834), (0.909703, 0.43706), (0.960618, 0.249041), (0.824478, 0.685192), (0.975069, 0.028615)]
[(0.584118, 0.103234), (0.548981, 1.0), (0.415447, 0.028015), (0.24446, 0.069958), (0.132993, 0.086628), (0.0, 0.152072), (0.373148, 0.938142), (0.116108, 0.493883), (0.047391, 0.30333), (0.22451, 0.738429), (0.048444, 0.100108), (0.74004, 0.0), (0.865853, 0.001629), (0.928702, 0.020891), (1.0, 0.10427), (0.703539, 0.902652), (0.91184, 0.442431), (0.962418, 0.260086), (0.826188, 0.686793), (0.977151, 0.042522)]
[(0.569587, 0.113243), (0.541361, 1.0), (0.402513, 0.047274), (0.234911, 0.090221), (0.126177, 0.10875), (0.0, 0.177886), (0.367869, 0.944698), (0.115589, 0.515276), (0.047987, 0.327599), (0.221865, 0.752782), (0.045675, 0.124521), (0.726261, 0.005745), (0.855577, 0.0), (0.922996, 0.016126), (1.0, 0.099804), (0.694593, 0.899606), (0.906466, 0.438809), (0.960087, 0.255941), (0.817842, 0.68281), (0.974547, 0.037306)]
[(0.565576, 0.125115), (0.545339, 1.0), (0.403397, 0.05479), (0.243438, 0.101574), (0.136345, 0.11629), (0.0, 0.169387), (0.38053, 0.946118), (0.129276, 0.51547), (0.055604, 0.327179), (0.238165, 0.753632), (0.053204, 0.12558), (0.7193, 0.009037), (0.847332, 0.0), (0.915361, 0.004032), (1.0, 0.045155), (0.693979, 0.891147), (0.899727, 0.408483), (0.955487, 0.216304), (0.813231, 0.662505), (0.968388, 0.003935)]
[(0.557812, 0.118065), (0.54447, 1.0), (0.392917, 0.05789), (0.228689, 0.100522), (0.123157, 0.115524), (0.0, 0.168996), (0.368975, 0.947013), (0.115459, 0.515211), (0.047607, 0.322783), (0.22182, 0.755419), (0.04532, 0.123779), (0.714046, 0.010924), (0.844307, 0.0), (0.914576, 0.008439), (1.0, 0.072214), (0.699201, 0.894472), (0.910366, 0.42177), (0.962375, 0.232061), (0.822893, 0.672737), (0.969527, 0.019307)]
[(0.562472, 0.11894), (0.54134, 1.0), (0.397992, 0.065554), (0.232653, 0.119214), (0.124965, 0.143481), (0.0, 0.215028), (0.367434, 0.955347), (0.115238, 0.547942), (0.048017, 0.363703), (0.221368, 0.777035), (0.046431, 0.162109), (0.71829, 0.007639), (0.84771, 0.0), (0.917567, 0.015182), (1.0, 0.094005), (0.693754, 0.894868), (0.905572, 0.433925), (0.959854, 0.2507), (0.816529, 0.67812), (0.970878, 0.034298)]
[(0.5515, 0.140105), (0.536434, 1.0), (0.389715, 0.085123), (0.231392, 0.148173), (0.127932, 0.182974), (0.0, 0.267711), (0.372019, 0.966923), (0.12322, 0.586163), (0.052432, 0.412066), (0.231262, 0.803056), (0.050398, 0.211005), (0.705298, 0.012633), (0.837592, 0.0), (0.911594, 0.012911), (1.0, 0.084654), (0.684929, 0.894161), (0.897263, 0.430613), (0.954915, 0.245116), (0.806579, 0.677228), (0.966886, 0.030203)]
[(0.562216, 0.106568), (0.550635, 1.0), (0.395939, 0.04295), (0.233743, 0.105788), (0.12805, 0.146218), (0.0, 0.240509), (0.377882, 0.953302), (0.121035, 0.550909), (0.049858, 0.379253), (0.23159, 0.773317), (0.048565, 0.180556), (0.714151, 0.0), (0.843134, 0.010285), (0.914115, 0.038009), (1.0, 0.129499), (0.702857, 0.907785), (0.910813, 0.459708), (0.962135, 0.280372), (0.824583, 0.699279), (0.967976, 0.068297)]
[(0.555504, 0.114032), (0.551898, 1.0), (0.393367, 0.02978), (0.237307, 0.071881), (0.133389, 0.09048), (0.0, 0.158178), (0.389902, 0.938419), (0.135577, 0.498343), (0.058285, 0.313076), (0.248607, 0.737821), (0.051471, 0.108458), (0.706144, 0.0), (0.83534, 0.001728), (0.906476, 0.014758), (1.0, 0.066835), (0.698369, 0.906388), (0.903038, 0.434688), (0.956037, 0.238513), (0.817261, 0.687592), (0.963337, 0.023314)]
[(0.559147, 0.126885), (0.560121, 1.0), (0.394589, 0.058433), (0.237184, 0.112089), (0.132962, 0.138388), (0.0, 0.215236), (0.394014, 0.949787), (0.136487, 0.53296), (0.058587, 0.35972), (0.250183, 0.761021), (0.051542, 0.162864), (0.711536, 0.007368), (0.841118, 0.0), (0.910378, 0.008998), (1.0, 0.046662), (0.708777, 0.897377), (0.908204, 0.415118), (0.958101, 0.218355), (0.826651, 0.671787), (0.96455, 0.010578)]
[(0.559187, 0.170992), (0.562599, 1.0), (0.392001, 0.114636), (0.232752, 0.166058), (0.128717, 0.187136), (0.0, 0.258907), (0.394638, 0.958443), (0.135545, 0.559206), (0.0586, 0.394945), (0.249231, 0.776813), (0.048162, 0.206911), (0.709985, 0.043677), (0.839359, 0.015525), (0.909085, 0.006429), (1.0, 0.03504), (0.71139, 0.885963), (0.910245, 0.396908), (0.959255, 0.202968), (0.828958, 0.65396), (0.965132, 0.0)]
[(0.556867, 0.208301), (0.550937, 1.0), (0.389884, 0.153466), (0.232749, 0.200083), (0.129563, 0.217837), (0.0, 0.280158), (0.385677, 0.96729), (0.131809, 0.585298), (0.056554, 0.418746), (0.243219, 0.798035), (0.049532, 0.234113), (0.71002, 0.07211), (0.839642, 0.032035), (0.909202, 0.013979), (1.0, 0.026941), (0.69971, 0.881038), (0.903531, 0.391764), (0.9569, 0.196656), (0.818455, 0.648165), (0.964726, 0.0)]
[(0.555726, 0.212267), (0.546236, 1.0), (0.386907, 0.15828), (0.22904, 0.20341), (0.126616, 0.221523), (0.0, 0.282068), (0.37919, 0.969031), (0.127459, 0.584775), (0.054585, 0.418733), (0.236684, 0.79919), (0.048583, 0.237485), (0.709615, 0.07352), (0.839177, 0.030927), (0.909268, 0.012198), (1.0, 0.026568), (0.69657, 0.880335), (0.902458, 0.386848), (0.95659, 0.19286), (0.816896, 0.645344), (0.964511, 0.0)]
[(0.571769, 0.175564), (0.549599, 1.0), (0.403342, 0.120498), (0.239213, 0.170148), (0.131565, 0.191951), (0.0, 0.260644), (0.381156, 0.968786), (0.12684, 0.57765), (0.05378, 0.402689), (0.237017, 0.798388), (0.050286, 0.210909), (0.722861, 0.040263), (0.849259, 0.005772), (0.916878, 0.0), (1.0, 0.049048), (0.697692, 0.882991), (0.903076, 0.40145), (0.957716, 0.211797), (0.816953, 0.654489), (0.969142, 0.004671)]
[(0.594718, 0.191357), (0.56197, 1.0), (0.422379, 0.142571), (0.249217, 0.19763), (0.135742, 0.216345), (0.0, 0.27904), (0.390371, 0.970572), (0.129417, 0.588557), (0.053685, 0.419354), (0.242849, 0.802334), (0.049176, 0.229563), (0.745206, 0.055424), (0.86608, 0.013579), (0.926343, 0.000577), (1.0, 0.045414), (0.708652, 0.876441), (0.907889, 0.397427), (0.959549, 0.210046), (0.82493, 0.646662), (0.974655, 0.0)]
[(0.579273, 0.183018), (0.543702, 1.0), (0.410723, 0.144942), (0.241102, 0.210758), (0.132221, 0.233922), (0.0, 0.29032), (0.373945, 0.973421), (0.119917, 0.595647), (0.048561, 0.428828), (0.229197, 0.807728), (0.047302, 0.245848), (0.732843, 0.051242), (0.858668, 0.013241), (0.922098, 0.004034), (1.0, 0.042276), (0.694623, 0.876061), (0.903761, 0.396607), (0.957215, 0.208793), (0.816571, 0.645073), (0.973213, 0.0)]
[(0.590747, 0.142504), (0.563396, 1.0), (0.424159, 0.094375), (0.255885, 0.162034), (0.143881, 0.189072), (0.0, 0.25942), (0.392842, 0.964495), (0.130938, 0.575156), (0.055082, 0.403312), (0.244714, 0.792815), (0.054475, 0.209342), (0.743412, 0.018098), (0.866026, 0.0), (0.927238, 0.007337), (1.0, 0.066918), (0.712057, 0.886731), (0.911077, 0.418651), (0.959726, 0.232601), (0.829342, 0.665205), (0.974254, 0.016398)]
[(0.5719, 0.131158), (0.549575, 1.0), (0.401323, 0.075376), (0.233543, 0.127279), (0.127346, 0.151411), (0.0, 0.234839), (0.380466, 0.952752), (0.124693, 0.543857), (0.051621, 0.37521), (0.235686, 0.767001), (0.043978, 0.17566), (0.728939, 0.017462), (0.86061, 0.0), (0.923919, 0.006826), (1.0, 0.062989), (0.70593, 0.889908), (0.911443, 0.41803), (0.959188, 0.230301), (0.828774, 0.663945), (0.973317, 0.012579)]
[(0.561306, 0.160243), (0.552422, 1.0), (0.395043, 0.106956), (0.234071, 0.167188), (0.129366, 0.193115), (0.0, 0.276096), (0.38751, 0.962751), (0.131892, 0.578788), (0.056203, 0.414698), (0.243846, 0.790758), (0.047466, 0.218146), (0.713639, 0.03465), (0.844077, 0.011449), (0.912046, 0.005349), (1.0, 0.037508), (0.703401, 0.883655), (0.908542, 0.401211), (0.959085, 0.207778), (0.824315, 0.654541), (0.966534, 0.0)]
[(0.590353, 0.126004), (0.578357, 1.0), (0.421961, 0.067878), (0.253205, 0.137274), (0.141492, 0.177006), (0.0, 0.275717), (0.408737, 0.961021), (0.140071, 0.577996), (0.059051, 0.414277), (0.259114, 0.789807), (0.05229, 0.212351), (0.741172, 0.005494), (0.865801, 0.0), (0.927352, 0.017367), (1.0, 0.083912), (0.727541, 0.893744), (0.921639, 0.432971), (0.965151, 0.246508), (0.844129, 0.677104), (0.97445, 0.031214)]
[(0.573033, 0.139823), (0.569596, 1.0), (0.406424, 0.092844), (0.242954, 0.162851), (0.135066, 0.201634), (0.0, 0.297906), (0.401978, 0.967546), (0.137826, 0.59556), (0.058712, 0.43422), (0.254566, 0.801993), (0.048975, 0.236344), (0.726286, 0.013731), (0.85604, 0.0), (0.921524, 0.012213), (1.0, 0.069305), (0.721713, 0.887498), (0.91962, 0.420298), (0.963484, 0.233449), (0.840788, 0.665584), (0.971716, 0.02043)]
[(0.585268, 0.130537), (0.576712, 1.0), (0.41881, 0.074223), (0.252544, 0.142183), (0.141243, 0.180982), (0.0, 0.278806), (0.406552, 0.962523), (0.139133, 0.581116), (0.058727, 0.417021), (0.257372, 0.791601), (0.052817, 0.215979), (0.737352, 0.007549), (0.862826, 0.0), (0.925939, 0.01475), (1.0, 0.074891), (0.728993, 0.889681), (0.924654, 0.422112), (0.966644, 0.235952), (0.847488, 0.667638), (0.973493, 0.025193)]
[(0.567714, 0.129653), (0.566046, 1.0), (0.400835, 0.08683), (0.236216, 0.158723), (0.130718, 0.200264), (0.0, 0.300093), (0.397154, 0.964402), (0.134633, 0.588739), (0.057071, 0.433675), (0.249873, 0.795038), (0.046726, 0.238097), (0.721252, 0.009859), (0.853013, 0.0), (0.920278, 0.015101), (1.0, 0.072356), (0.721087, 0.889499), (0.921041, 0.420619), (0.963559, 0.235931), (0.842514, 0.667344), (0.970926, 0.024444)]
[(0.570684, 0.124992), (0.56224, 1.0), (0.403848, 0.087123), (0.236888, 0.163076), (0.130739, 0.20865), (0.0, 0.312563), (0.395262, 0.965151), (0.134727, 0.597652), (0.057409, 0.446299), (0.249941, 0.798263), (0.046309, 0.248019), (0.724624, 0.008947), (0.856013, 0.0), (0.921004, 0.016974), (1.0, 0.078084), (0.71598, 0.888378), (0.916358, 0.426507), (0.960625, 0.243299), (0.836599, 0.668719), (0.970967, 0.02631)]
[(0.574397, 0.133901), (0.569596, 1.0), (0.406972, 0.096202), (0.239954, 0.172763), (0.132615, 0.216516), (0.0, 0.319472), (0.401303, 0.968573), (0.137583, 0.605201), (0.058502, 0.452473), (0.254046, 0.805225), (0.047238, 0.255542), (0.728014, 0.012118), (0.857116, 0.0), (0.922285, 0.015144), (1.0, 0.08141), (0.721504, 0.887396), (0.919178, 0.426888), (0.962162, 0.244816), (0.840653, 0.668362), (0.971792, 0.027675)]
[(0.581294, 0.137813), (0.574082, 1.0), (0.4128, 0.101639), (0.243564, 0.181141), (0.135253, 0.228165), (0.0, 0.334429), (0.404612, 0.971609), (0.137358, 0.61348), (0.058108, 0.464621), (0.255587, 0.810958), (0.048319, 0.268604), (0.733568, 0.014614), (0.861202, 0.0), (0.924412, 0.013954), (1.0, 0.075073), (0.725539, 0.885479), (0.921509, 0.421055), (0.963693, 0.238308), (0.844018, 0.664848), (0.972818, 0.023166)]
[(0.565764, 0.131972), (0.565051, 1.0), (0.400245, 0.088756), (0.238045, 0.165643), (0.132868, 0.209755), (0.0, 0.315168), (0.398171, 0.96738), (0.136936, 0.600965), (0.058533, 0.447464), (0.251997, 0.802891), (0.048428, 0.250337), (0.719198, 0.008649), (0.85005, 0.0), (0.917266, 0.013094), (1.0, 0.063896), (0.7181, 0.88793), (0.918506, 0.418668), (0.962397, 0.230546), (0.83876, 0.665873), (0.968677, 0.019196)]
[(0.567877, 0.145601), (0.563009, 1.0), (0.402, 0.109323), (0.236895, 0.180766), (0.131282, 0.219512), (0.0, 0.313907), (0.394385, 0.970488), (0.132559, 0.601328), (0.055964, 0.44695), (0.24753, 0.805227), (0.046999, 0.253963), (0.720886, 0.021866), (0.850767, 0.0), (0.917736, 0.003637), (1.0, 0.04596), (0.717768, 0.881107), (0.918685, 0.400838), (0.962332, 0.212665), (0.839008, 0.652088), (0.969311, 0.003433)]
[(0.544849, 0.140289), (0.56113, 1.0), (0.381443, 0.101917), (0.224802, 0.172735), (0.124735, 0.212943), (0.0, 0.309121), (0.395627, 0.967868), (0.136967, 0.600527), (0.058916, 0.444662), (0.251033, 0.802964), (0.045505, 0.249589), (0.700261, 0.015576), (0.835776, 0.0), (0.908529, 0.006012), (1.0, 0.041271), (0.715198, 0.884509), (0.918153, 0.403903), (0.961892, 0.211432), (0.837549, 0.657022), (0.964388, 0.004833)]
[(0.586378, 0.151471), (0.574364, 1.0), (0.419405, 0.107299), (0.252165, 0.180291), (0.14231, 0.218657), (0.0, 0.311485), (0.410248, 0.968108), (0.143837, 0.599283), (0.061437, 0.446506), (0.263424, 0.802428), (0.052303, 0.250928), (0.735218, 0.02287), (0.858626, 0.0), (0.921154, 0.002764), (1.0, 0.04586), (0.718871, 0.883227), (0.913072, 0.407199), (0.959915, 0.216965), (0.833657, 0.657926), (0.970667, 0.002395)]
[(0.554099, 0.161278), (0.563669, 1.0), (0.390602, 0.113358), (0.232574, 0.176484), (0.130409, 0.206952), (0.0, 0.28808), (0.402219, 0.961327), (0.14386, 0.583575), (0.062764, 0.427092), (0.259794, 0.789229), (0.047838, 0.233521), (0.706071, 0.032555), (0.836745, 0.011574), (0.90709, 0.00898), (1.0, 0.03268), (0.711567, 0.885284), (0.911767, 0.404485), (0.958347, 0.208709), (0.830245, 0.658224), (0.963641, 0.0)]
[(0.584163, 0.16655), (0.570866, 1.0), (0.418037, 0.11508), (0.252563, 0.17561), (0.143118, 0.201597), (0.0, 0.279526), (0.405558, 0.961978), (0.142322, 0.573932), (0.061064, 0.416477), (0.259832, 0.786412), (0.053176, 0.225092), (0.733123, 0.038643), (0.855996, 0.012641), (0.919127, 0.008205), (1.0, 0.035375), (0.719274, 0.883993), (0.914131, 0.39988), (0.959941, 0.207624), (0.83552, 0.653881), (0.96896, 0.0)]
[(0.579918, 0.144194), (0.572971, 1.0), (0.414981, 0.088741), (0.251159, 0.145409), (0.142594, 0.171097), (0.0, 0.253955), (0.409659, 0.955182), (0.146938, 0.559932), (0.063687, 0.397128), (0.265288, 0.775031), (0.052924, 0.197918), (0.730718, 0.022946), (0.857272, 0.003928), (0.921153, 0.004964), (1.0, 0.036958), (0.723033, 0.886696), (0.916441, 0.405143), (0.960101, 0.211479), (0.839181, 0.657595), (0.970459, 0.0)]
[(0.594903, 0.160036), (0.580116, 1.0), (0.426184, 0.123527), (0.254067, 0.193228), (0.141816, 0.22481), (0.0, 0.306681), (0.409767, 0.969786), (0.139833, 0.597842), (0.059346, 0.441831), (0.259485, 0.803258), (0.051022, 0.250463), (0.743228, 0.03365), (0.864377, 0.002726), (0.925609, 0.0), (1.0, 0.046832), (0.726956, 0.880742), (0.918803, 0.403677), (0.9623, 0.214863), (0.841343, 0.654399), (0.973516, 0.000143)]
[(0.594409, 0.217254), (0.571428, 1.0), (0.426853, 0.172656), (0.259245, 0.228232), (0.146741, 0.247324), (0.0, 0.317161), (0.407642, 0.97172), (0.143935, 0.605791), (0.061874, 0.452332), (0.262461, 0.807988), (0.054273, 0.266096), (0.744889, 0.080584), (0.865711, 0.034822), (0.925954, 0.01673), (1.0, 0.03125), (0.719442, 0.875033), (0.911729, 0.392315), (0.958238, 0.204103), (0.833777, 0.641247), (0.972533, 0.0)]
[(0.600188, 0.1495), (0.564914, 1.0), (0.429788, 0.096788), (0.256266, 0.158307), (0.144019, 0.186982), (0.0, 0.261853), (0.398409, 0.96004), (0.13426, 0.563917), (0.056204, 0.402019), (0.250706, 0.781467), (0.0516, 0.208933), (0.750502, 0.024483), (0.872111, 0.0), (0.930736, 0.004831), (1.0, 0.058377), (0.712127, 0.884888), (0.909645, 0.408922), (0.958701, 0.224509), (0.828958, 0.65684), (0.976428, 0.010453)]
[(0.592261, 0.185172), (0.57223, 1.0), (0.424264, 0.147433), (0.25376, 0.216425), (0.14242, 0.247006), (0.0, 0.329217), (0.407201, 0.972866), (0.141485, 0.611053), (0.060444, 0.461376), (0.260463, 0.810633), (0.051183, 0.272795), (0.741513, 0.055075), (0.864074, 0.01794), (0.9243, 0.009288), (1.0, 0.038251), (0.719145, 0.875525), (0.911611, 0.395867), (0.957974, 0.209307), (0.833573, 0.643639), (0.972111, 0.0)]
[(0.583706, 0.185475), (0.560589, 1.0), (0.41628, 0.152935), (0.247762, 0.220453), (0.139112, 0.250228), (0.0, 0.32475), (0.396048, 0.973625), (0.135106, 0.610325), (0.057593, 0.458537), (0.250941, 0.811627), (0.050377, 0.272511), (0.734407, 0.055816), (0.858845, 0.016152), (0.921577, 0.007683), (1.0, 0.039818), (0.706716, 0.87545), (0.903751, 0.395894), (0.954374, 0.209333), (0.822028, 0.644702), (0.971505, 0.0)]
[(0.565787, 0.219805), (0.558972, 1.0), (0.398376, 0.175621), (0.235558, 0.222285), (0.131785, 0.238418), (0.0, 0.304126), (0.394898, 0.965637), (0.137116, 0.589993), (0.058983, 0.437415), (0.251598, 0.795985), (0.047596, 0.255333), (0.720931, 0.089544), (0.851327, 0.043559), (0.916585, 0.023299), (1.0, 0.024377), (0.71205, 0.878313), (0.911389, 0.390918), (0.958133, 0.198914), (0.831515, 0.643979), (0.967991, 0.0)]
[(0.572165, 0.182828), (0.549039, 1.0), (0.403465, 0.135956), (0.236183, 0.188877), (0.131128, 0.210278), (0.0, 0.280335), (0.384736, 0.964139), (0.131323, 0.577855), (0.056245, 0.418732), (0.243015, 0.790904), (0.047058, 0.229509), (0.727968, 0.05506), (0.857113, 0.018149), (0.921561, 0.009822), (1.0, 0.037392), (0.700829, 0.883384), (0.904496, 0.401755), (0.955455, 0.210971), (0.821207, 0.65401), (0.971544, 0.0)]
[(0.567945, 0.212899), (0.550557, 1.0), (0.402143, 0.172148), (0.238389, 0.224268), (0.132842, 0.246045), (0.0, 0.320373), (0.387604, 0.971369), (0.132477, 0.606735), (0.056287, 0.453298), (0.245254, 0.809582), (0.048374, 0.267513), (0.723544, 0.082573), (0.852997, 0.037178), (0.918665, 0.019237), (1.0, 0.028944), (0.702642, 0.877125), (0.905755, 0.393845), (0.956014, 0.202506), (0.82281, 0.645179), (0.96943, 0.0)]
